inst/fut/Phytotoma_raimondii_mc85.asc
NCOLS 176 
NROWS 395 
XLLCORNER -81.417297363 
YLLCORNER -15.263731089 
CELLSIZE 0.0416666666647727 
NODATA_value -3.4e+38 
[rows 108 to 134 of 395, columns 0 to 60 of 176]
-3.4e+38 -3.4e+38 -3.4e+38 -3.4e+38 -3.4e+38 -3.4e+38 -3.4e+38 -3.4e+38 -3.4e+38 -3.4e+38 -3.4e+38 -3.4e+38 -3.4e+38 -3.4e+38 -3.4e+38 -3.4e+38 -3.4e+38 -3.4e+38 -3.4e+38 -3.4e+38 -3.4e+38 -3.4e+38 -3.4e+38 -3.4e+38 -3.4e+38 -3.4e+38 -3.4e+38 0 0 0 0 0 0 0 0 0 0 0 0 0 0 0.000135465001221746 8.06112002464943e-05 1.30348998936825e-05 1.83562997335684e-06 1.53475002662162e-06 2.67813993559685e-06 3.08724011119921e-05 0.000115558003017213 6.52103990432806e-05 4.92521985506755e-06 1.23306999739725e-05 5.23042990607792e-06 1.41148002512637e-05 1.37146997758464e-07 7.91327977367473e-07 8.36703020468121e-06 5.43479984571604e-07 3.83945000237418e-08 1.32839996780376e-08 3.6818599369326e-07
-3.4e+38 -3.4e+38 -3.4e+38 -3.4e+38 -3.4e+38 -3.4e+38 -3.4e+38 -3.4e+38 -3.4e+38 -3.4e+38 -3.4e+38 -3.4e+38 -3.4e+38 -3.4e+38 -3.4e+38 -3.4e+38 -3.4e+38 -3.4e+38 -3.4e+38 -3.4e+38 -3.4e+38 -3.4e+38 -3.4e+38 -3.4e+38 -3.4e+38 -3.4e+38 0 0 0 0 0 0 0 0 0 0 0 0 0 0 0.000178036993020214 2.58784002653556e-05 5.0448202273401e-06 1.66966003689595e-06 1.16108003567206e-06 4.37630978922243e-06 8.10483015811769e-06 7.86053988122148e-06 2.68385997514997e-06 5.27530005456356e-07 3.15939996653469e-06 8.99628957995446e-06 7.2734801506158e-06 2.6342299861426e-06 4.44192983195535e-06 2.21320005948655e-05 7.73038027546136e-06 3.95933000163495e-07 2.29833005960245e-08 3.60043994618309e-09 2.0787499721564e-08
-3.4e+38 -3.4e+38 -3.4e+38 -3.4e+38 -3.4e+38 -3.4e+38 -3.4e+38 -3.4e+38 -3.4e+38 -3.4e+38 -3.4e+38 -3.4e+38 -3.4e+38 -3.4e+38 -3.4e+38 -3.4e+38 -3.4e+38 -3.4e+38 -3.4e+38 -3.4e+38 -3.4e+38 -3.4e+38 -3.4e+38 -3.4e+38 -3.4e+38 -3.4e+38 0 0 0 0 0 0 0 0 0 0 0 0 0 0 1.82138992386172e-05 1.30989997160214e-06 4.06304991429352e-07 1.81608004368172e-06 1.39637995744124e-06 5.57789007871179e-06 3.04496006720001e-05 2.24121995415771e-05 1.52532002175576e-05 3.13189011649229e-05 2.51249002758414e-05 6.3086499721976e-06 7.21792002877919e-06 5.59727004656452e-06 1.33809999169898e-06 9.43971008382505e-06 1.6460099914184e-06 1.51175996165875e-07 3.02561993237305e-08 1.47926000337861e-08 2.59752006570579e-08
-3.4e+38 -3.4e+38 -3.4e+38 -3.4e+38 -3.4e+38 -3.4e+38 -3.4e+38 -3.4e+38 -3.4e+38 -3.4e+38 -3.4e+38 -3.4e+38 -3.4e+38 -3.4e+38 -3.4e+38 -3.4e+38 -3.4e+38 -3.4e+38 -3.4e+38 -3.4e+38 -3.4e+38 -3.4e+38 -3.4e+38 -3.4e+38 -3.4e+38 0 0 0 0 0 0 0 0 0 0 0 0 0 0 0.000103639998997096 1.99807004719332e-06 2.2946099420551e-07 7.06668004113453e-07 7.33085016690893e-07 3.81363997803419e-06 1.29727004605229e-06 1.54200995439169e-06 1.26097995689634e-06 9.13465009944048e-06 1.28511001094012e-05 6.95291009833454e-06 5.46728006156627e-06 2.75601996690966e-06 7.54793973101187e-07 1.85272995167907e-06 4.09925996791571e-06 5.61053013825585e-07 1.87823005148857e-07 2.27865992741272e-08 2.48578004402589e-07 9.46693035075441e-08
-3.4e+38 -3.4e+38 -3.4e+38 -3.4e+38 -3.4e+38 -3.4e+38 -3.4e+38 -3.4e+38 -3.4e+38 -3.4e+38 -3.4e+38 -3.4e+38 -3.4e+38 -3.4e+38 -3.4e+38 -3.4e+38 -3.4e+38 -3.4e+38 -3.4e+38 -3.4e+38 -3.4e+38 -3.4e+38 -3.4e+38 0 0 0 0 0 0 0 0 0 0 0 0 0 0 0.000161439005751163 6.30977012860967e-07 2.63252991317131e-06 1.54084000314469e-06 1.31890999455209e-07 4.67559004846407e-07 1.56035000031807e-07 5.09304015849921e-07 4.33265995525289e-07 3.99296993691678e-07 5.48077025541716e-07 2.02596993403859e-06 2.77140998150571e-06 4.65973016616772e-06 3.86360989068635e-06 2.45119008468464e-06 1.04069999906642e-06 4.60448018202442e-06 5.84292001803988e-06 4.53864004157367e-07 2.22118003989635e-07 2.73321006716287e-07 2.33953989514646e-09 1.88825000080328e-09
-3.4e+38 -3.4e+38 -3.4e+38 -3.4e+38 -3.4e+38 -3.4e+38 -3.4e+38 -3.4e+38 -3.4e+38 -3.4e+38 -3.4e+38 -3.4e+38 -3.4e+38 -3.4e+38 -3.4e+38 -3.4e+38 -3.4e+38 -3.4e+38 -3.4e+38 -3.4e+38 -3.4e+38 0 0 0 0 0 0 0 0 0 0 0 0 0 0 0 0 0 6.32384990240098e-06 2.05495993554905e-07 3.70039998642824e-08 2.01050994519392e-07 2.2078400263581e-07 2.83403011280825e-07 5.84915014201215e-08 4.23083008627145e-08 8.08337006219517e-08 8.70128005203696e-08 8.870559895513e-07 1.02208002772386e-06 3.01586010209576e-06 1.9369499568711e-06 2.18154991671327e-06 1.18439004381798e-06 1.2359399761408e-06 8.74671002293326e-07 8.31998008266055e-08 1.71736999732275e-07 1.17257004106364e-09 8.66907032270881e-11 2.79785999923732e-10
-3.4e+38 -3.4e+38 -3.4e+38 -3.4e+38 -3.4e+38 -3.4e+38 -3.4e+38 -3.4e+38 -3.4e+38 -3.4e+38 -3.4e+38 -3.4e+38 -3.4e+38 -3.4e+38 -3.4e+38 -3.4e+38 -3.4e+38 -3.4e+38 -3.4e+38 -3.4e+38 0 0 0 0 0 0 0 0 0 0 0 0 0 0 0 0 0.000146948994370177 1.39025996759301e-06 4.47405000159051e-07 1.19461995851111e-08 6.8964396859883e-08 3.49076003658411e-07 2.94670002176645e-07 3.39753995604042e-07 2.11560006846412e-07 3.15501011982633e-07 6.35817016814144e-08 4.76468002830188e-08 4.79790998042517e-08 7.08039010532957e-07 6.60400019114604e-07 1.32009995468252e-06 7.51844027035986e-07 5.57453006422293e-07 2.70372993327328e-07 1.54285999087733e-07 3.22899005311683e-08 2.96823003509417e-07 6.34401020604969e-09 4.86110006414631e-11 4.25420983163338e-11
-3.4e+38 -3.4e+38 -3.4e+38 -3.4e+38 -3.4e+38 -3.4e+38 -3.4e+38 -3.4e+38 -3.4e+38 -3.4e+38 -3.4e+38 -3.4e+38 -3.4e+38 -3.4e+38 -3.4e+38 -3.4e+38 -3.4e+38 -3.4e+38 -3.4e+38 -3.4e+38 0 0 0 0 0 0 0 0 0 0 0 0 0 0 0 0 8.86984998942353e-05 6.8149201979395e-06 6.11196981026296e-07 2.54827003942637e-08 4.74737014144466e-08 4.8095898819156e-08 1.17335998695012e-08 4.14195000075779e-07 8.09824996395037e-07 1.24401003631647e-06 4.06077987236131e-07 1.08210997495917e-07 1.69284994910868e-08 2.5027298988789e-07 5.92391984355345e-07 8.82388974332571e-07 3.19103008905586e-07 4.92323010803375e-07 3.5055001035289e-07 4.16570991035314e-08 2.83696994785032e-08 1.33110006572679e-07 1.69361996649187e-10 2.82165003168133e-11 2.01993994447536e-11
-3.4e+38 -3.4e+38 -3.4e+38 -3.4e+38 -3.4e+38 -3.4e+38 -3.4e+38 -3.4e+38 -3.4e+38 -3.4e+38 -3.4e+38 -3.4e+38 -3.4e+38 -3.4e+38 -3.4e+38 -3.4e+38 -3.4e+38 -3.4e+38 0 0 0 0 0 0 0 0 0 0 0 0 0 0 0 0 0 0 0 0 1.21552002383396e-05 4.65392986370716e-07 1.16001004357713e-08 2.32034000902104e-08 5.27711989661839e-08 6.46480984300979e-08 2.6146299347829e-08 3.90824993701244e-07 5.41412020993448e-07 2.24903004664156e-07 8.57880024796032e-08 4.39882015257353e-08 2.568700097072e-07 4.26164007194529e-07 4.84501015307615e-07 3.78486987528959e-07 1.74991996004792e-07 3.91694001677934e-08 1.79335998495844e-07 3.82441012192203e-09 7.86449030898417e-11 1.20941997736046e-11 4.09395998005047e-12
-3.4e+38 -3.4e+38 -3.4e+38 -3.4e+38 -3.4e+38 -3.4e+38 -3.4e+38 -3.4e+38 -3.4e+38 -3.4e+38 -3.4e+38 -3.4e+38 -3.4e+38 -3.4e+38 -3.4e+38 -3.4e+38 0 0 0 0 0 0 0 0 0 0 0 0 0 0 0 0 0 0 7.82236966188066e-05 8.49865955387941e-06 8.40870998217724e-05 1.45696003528428e-05 4.71735006613017e-07 3.8836198257286e-08 2.90716997142226e-08 1.10537996533822e-08 9.29222991885581e-08 3.64209000736082e-08 1.99972003400717e-08 2.27265999797055e-07 1.19480000648764e-06 2.89077007664673e-07 1.24283999980435e-07 2.62491006708387e-08 1.19430993095193e-07 2.36145993426362e-07 1.80496996904367e-07 2.09049005661655e-07 6.8594999902416e-08 1.18990001851671e-07 1.47025005503565e-07 1.89518001292299e-09 2.36995006952512e-10 1.33886998709976e-11 2.35614002266904e-12
-3.4e+38 -3.4e+38 -3.4e+38 -3.4e+38 -3.4e+38 -3.4e+38 -3.4e+38 -3.4e+38 -3.4e+38 -3.4e+38 -3.4e+38 -3.4e+38 -3.4e+38 -3.4e+38 0 0 0 0 0 0 0 0 0 0 0 0 0 0 0 0 0 0 0 2.17855995288119e-05 1.57643000875396e-07 2.24638000645427e-07 2.41281009039085e-06 1.73502002098758e-07 4.43939995875553e-08 3.80562994450884e-08 5.34077990721471e-08 2.20115001781096e-08 1.77513996391099e-07 3.12728985818467e-07 5.86428008375606e-08 1.61231994866284e-07 2.4145998622771e-07 1.56523995542557e-07 8.41735996459647e-08 1.11771001343186e-07 5.01416010934008e-08 1.48026998658679e-07 1.37510994591139e-07 6.52388010280447e-08 6.87509995600522e-08 7.17109003289806e-08 8.21029999542588e-08 2.56801993003819e-08 1.59775002117613e-08 1.58947004863519e-11 2.9139800381689e-12
-3.4e+38 -3.4e+38 -3.4e+38 -3.4e+38 -3.4e+38 -3.4e+38 -3.4e+38 -3.4e+38 -3.4e+38 -3.4e+38 -3.4e+38 -3.4e+38 -3.4e+38 -3.4e+38 0 0 0 0 0 0 0 0 0 0 0 0 0 0 0 0 0 0 2.3860400688136e-05 7.28319992049364e-06 2.02730007003993e-07 3.6352699339659e-07 2.77623001920801e-07 1.92295999568159e-07 2.99801996561655e-08 3.05220986263066e-08 3.44545014741016e-08 1.07059001663856e-07 2.86831010498645e-07 2.25720000912588e-07 2.15074997811371e-08 1.4745300092045e-08 5.39124016540882e-07 1.68884000117941e-07 1.39121993925073e-07 1.32579998535221e-07 1.30486995431056e-07 7.12905006139408e-08 6.4251402420723e-08 5.94145994625705e-08 6.04416996452528e-08 6.44418989281803e-08 2.44511006997072e-08 5.04565011993918e-09 1.49199996801741e-09 1.37503003774797e-11 6.55744989558338e-12
-3.4e+38 -3.4e+38 -3.4e+38 -3.4e+38 -3.4e+38 -3.4e+38 -3.4e+38 -3.4e+38 -3.4e+38 -3.4e+38 -3.4e+38 -3.4e+38 -3.4e+38 -3.4e+38 0 0 0 0 0 0 0 0 0 0 0.0223548002541065 0.0110502000898123 0.00315007008612156 0.00150161003693938 0.000398920004954562 0.000161140997079201 0.000129844003822654 3.88900989491958e-05 4.74609987577423e-06 3.89632987207733e-07 4.74724004106974e-07 8.91380977918743e-07 4.6114300289446e-07 2.48232993271813e-07 6.72144011559794e-08 1.43115002515515e-07 7.4835398322648e-08 2.08203005058749e-07 5.51348016131215e-08 6.30518002253666e-08 4.8754699832898e-08 5.21807983488998e-08 4.39829989318241e-07 5.13144982505764e-07 1.11379996781125e-07 1.06097999719168e-07 1.01493000670416e-07 4.16623997523402e-08 2.68221000965241e-08 5.44707994265536e-08 2.56923993191549e-08 1.60066999654873e-08 1.14954001873002e-08 1.50636996210096e-08 2.06657997381399e-08 1.86659993017813e-11 1.00882999870544e-11
-3.4e+38 -3.4e+38 -3.4e+38 -3.4e+38 -3.4e+38 -3.4e+38 -3.4e+38 -3.4e+38 -3.4e+38 -3.4e+38 -3.4e+38 -3.4e+38 -3.4e+38 0 0 0 0 0 0 0 0 0 0 0 0.00273217004723847 0.00017045100685209 7.20988027751446e-05 7.17982984497212e-05 6.87974970787764e-05 6.30574004389928e-06 7.92224000178976e-06 3.64696006727172e-06 1.48846004321967e-06 2.26754991672351e-06 2.109849901899e-06 1.1142900291361e-07 2.88136998705113e-08 3.23444986349841e-08 2.6592999802233e-07 7.67100019061218e-08 7.35062997136993e-08 4.35340012927554e-08 3.74854991491702e-08 4.02164985757736e-08 7.32387022139847e-08 4.58285001059267e-07 7.90815988693794e-07 1.20362997790835e-07 1.95373999645199e-07 8.24607013782952e-08 8.13279967815106e-08 5.83900998663012e-08 2.18511004845823e-08 1.4947900695006e-08 1.04411004286931e-08 2.94485991148008e-09 4.59333987512522e-10 3.06193004284694e-09 5.55054002759903e-10 1.02317000358343e-11 2.72607995205343e-11
-3.4e+38 -3.4e+38 -3.4e+38 -3.4e+38 -3.4e+38 -3.4e+38 -3.4e+38 -3.4e+38 -3.4e+38 -3.4e+38 -3.4e+38 -3.4e+38 0 0 0 0 0 0 0 0 0 0 0 0.00926117040216923 0.000434538989793509 8.57492996146902e-05 0.000191774000995792 8.09010016382672e-05 8.82894964888692e-05 3.21361985697877e-05 2.91823998850305e-05 4.29967003583442e-05 1.05114995676558e-05 1.02441003946296e-06 7.36274969881379e-08 7.97433017396543e-08 5.16189002652823e-09 5.48525980192949e-09 1.22537002766876e-08 1.56988004818004e-08 1.67982001642031e-08 5.01792989382466e-08 1.01550000408679e-07 1.70185003867118e-07 2.62673012230152e-07 9.15602015538752e-07 1.14297996844925e-07 9.85675967513089e-08 6.26801977432478e-07 5.8912700495739e-08 6.37176000850559e-08 3.64947005948579e-08 2.57755008448157e-08 2.75276992312001e-08 7.66774022054051e-09 9.75186043028486e-10 4.17018997111995e-09 2.42385000959189e-09 2.3391000247841e-09 1.32528996457659e-11 2.82956002378709e-11
-3.4e+38 -3.4e+38 -3.4e+38 -3.4e+38 -3.4e+38 -3.4e+38 -3.4e+38 -3.4e+38 -3.4e+38 -3.4e+38 0 0 0 0 0 0 0 0 0 0 0 0.0528325997292995 0.0146704996004701 0.00740282982587814 0.00129374000243843 0.0010378600563854 0.000153621993376873 0.000109284999780357 0.000286697002593428 0.000148585997521877 5.70537995372433e-05 7.33037995814811e-06 1.18393998604915e-07 1.23088000236748e-07 2.91260993101616e-09 2.75736002919302e-08 1.54639003824286e-08 6.72347999497447e-09 2.36573001188845e-08 2.39454998052224e-08 7.10979008999857e-08 2.29758001069058e-07 4.0219299535238e-07 5.73255988456367e-07 1.47020000440534e-06 2.00740009859146e-06 1.22692000559255e-07 5.32868000391318e-07 4.90311003886745e-06 3.04462986377985e-07 2.65620002437572e-07 3.17892983048296e-08 3.88082987967664e-08 2.12161008761313e-08 2.24247003188793e-08 5.26067989170542e-09 5.38737998656558e-10 1.80330000931761e-10 2.28765006937692e-09 2.71047004285485e-11 1.44829998688367e-11
-3.4e+38 -3.4e+38 -3.4e+38 -3.4e+38 -3.4e+38 -3.4e+38 -3.4e+38 -3.4e+38 -3.4e+38 -3.4e+38 0 0 0 0 0 0 0 0 0 0 0.0702797994017601 0.0205476004630327 0.00879118032753468 0.00707068014889956 0 0 0.000462013005744666 0.000279697007499635 0.000196652006707154 3.99052987631876e-06 4.71063010820671e-08 2.79723995078029e-08 4.99766006356595e-09 2.49458000922687e-08 5.79334979988744e-09 4.30227986569776e-09 8.09107003618692e-09 1.22605001706688e-08 1.30803003983715e-08 3.40089982842073e-08 7.05952984958458e-08 1.26860996374489e-07 2.29487994829469e-07 8.2540998391778e-07 4.85131010918849e-07 3.95345011838799e-07 3.73263986830352e-07 1.70506996255426e-06 1.21138000395149e-05 1.76058001670754e-05 4.03278988869715e-07 2.94397999311968e-08 4.66018015288228e-08 2.93794002459435e-08 1.51361003730699e-08 6.6755201366675e-09 1.62368996026174e-09 2.57853988161472e-10 3.36526001509796e-10 6.58863033575763e-11 8.05254994629134e-12
-3.4e+38 -3.4e+38 -3.4e+38 -3.4e+38 -3.4e+38 -3.4e+38 -3.4e+38 -3.4e+38 -3.4e+38 0 0 0 0 0 0 0 0.349783003330231 0 0 0 0.0367822013795376 0.0139389997348189 0 0 0 0.000578605977352709 0.000681445992086083 0.000291225005639717 9.07564972294495e-05 1.41246000566753e-05 6.41492022168677e-07 9.22440008821468e-08 7.11238996586872e-08 6.74237021769386e-09 4.24439017265854e-09 8.73736016870907e-09 1.218819978277e-08 1.74199996649804e-08 3.42710002598778e-08 4.75912997899286e-08 7.56461986384238e-08 9.11158011263069e-08 5.37187986537901e-07 3.43428013138691e-07 3.26604003930697e-06 1.82787005087448e-06 4.93990000904887e-06 4.10266011385829e-06 9.0327303041704e-06 3.08398994093295e-05 9.84121015790151e-07 4.25898001310543e-08 2.74217004658794e-08 2.76702003532137e-08 1.37775000297324e-08 1.0008199602396e-08 8.72202043922243e-09 4.24047991165466e-10 2.0114600263188e-10 6.27297033761742e-11 4.53835996561125e-11
-3.4e+38 -3.4e+38 -3.4e+38 -3.4e+38 -3.4e+38 -3.4e+38 -3.4e+38 -3.4e+38 0 0 0 0 0 0 0 0 0 0 0.108392000198364 0.0260196998715401 0.0163074005395174 0.0180977005511522 0 0.00321186007931828 0.000270340009592474 0.00026615901151672 0.000551626028027385 0.000465697987237945 0.000247090007178485 3.36492994392756e-05 3.07839991364744e-06 2.4727401068958e-06 1.72303998624557e-07 1.185120002134e-08 7.77060016332598e-09 8.46902992179821e-09 1.43041996025772e-08 2.45606006643584e-08 6.36403001408326e-08 1.49838001561875e-07 1.56612998125638e-07 4.1221301216865e-07 5.85576003686583e-07 3.06007990502621e-07 2.81822008219024e-06 2.5823298983596e-06 9.47258001815499e-07 2.65610992755683e-06 1.06896995930583e-05 3.03435008390807e-05 3.57740009349072e-06 7.06985971987706e-08 1.86592998829838e-08 1.54707997523928e-08 1.55889008368604e-08 6.78828993017078e-09 2.41796005440165e-09 8.59744997416811e-10 3.24472004820109e-10 1.23504997895374e-10 3.78883001361796e-11
-3.4e+38 -3.4e+38 -3.4e+38 -3.4e+38 -3.4e+38 -3.4e+38 -3.4e+38 0 0 0 0 0 0 0 0 0 0.350178986787796 0.0748879015445709 0.00469641992822289 0.000800264999270439 0.00197258009575307 0 0 0.00553072988986969 0.00206155003979802 0.000265367008978501 0.000672718975692987 0.000346109998645261 0.000270766991889104 1.81218001671368e-05 6.41665019429638e-06 1.82906001100491e-06 1.58850994580462e-08 1.23995000933519e-08 1.20052003893534e-08 1.503820001858e-08 2.95313995479773e-08 7.284049985401e-08 4.22514006004349e-07 1.34646001015426e-07 2.8474900659603e-07 6.26105020273826e-07 2.68290989424713e-07 1.67557004715491e-06 1.23072004498681e-06 6.46696980766137e-06 7.76382023559563e-07 2.32368006436445e-06 4.01034003516543e-06 2.74024005193496e-05 8.54201971378643e-06 4.24393995501759e-08 1.56362993664061e-08 1.3422299716126e-08 1.03499999681844e-08 6.73575994980524e-09 5.69857006027519e-09 2.09274997331477e-09 4.4178299907216e-10 1.59822002854249e-10 3.4231898565773e-11
-3.4e+38 -3.4e+38 -3.4e+38 -3.4e+38 -3.4e+38 -3.4e+38 0 0 0 0 0 0 0 0 0.571730971336365 0.390004992485046 0.107261002063751 0.00545931002125144 0.000760951021220535 0.000318361009703949 0.0115612000226974 0.0267987996339798 0.0154120000079274 0 0.00448708003386855 0.00185737002175301 0.000999219948425889 0.000593002012465149 0.000300340994726866 0.000244109003688209 0.000154335997649468 2.05123001251195e-06 1.44729000339794e-07 1.71631995726784e-07 3.36126007027815e-08 7.82122029363563e-08 1.23551004094224e-07 1.17266995403043e-06 2.62030994235829e-07 3.75344995973137e-07 5.25123027728114e-07 6.93423999109655e-07 5.40872974852391e-07 1.58695002028253e-06 3.39742996402492e-06 1.19474998427904e-05 3.08895005218801e-06 2.02015002059852e-07 1.26339998018921e-07 8.58002022141591e-06 1.69786999322241e-05 8.36336013776418e-08 2.48230005439609e-08 1.72951999388715e-08 1.06567004110047e-08 8.3707396569821e-09 2.87309998014962e-09 1.66241997945349e-09 8.4032597547079e-10 2.64799987492736e-10 6.83011980306958e-11
-3.4e+38 -3.4e+38 -3.4e+38 -3.4e+38 -3.4e+38 0 0 0 0.737982988357544 0.721204996109009 0 0 0 0 0.566713988780975 0.196982994675636 0.0627889037132263 0.00776043999940157 0.000201264992938377 0.00253094010986388 0.038749698549509 0.0219270996749401 0.0233543999493122 0.012249100022018 0.00820608995854855 0.00467087980359793 0.00247870991006494 0.00142524996772408 0.00176794000435621 0.00123259995598346 0.00010303599992767 3.81257013941649e-05 2.31603007705417e-06 8.19729029899463e-06 7.30167016627092e-07 1.70163002621848e-06 9.09606001187058e-07 9.6093697266042e-07 2.79411011661068e-07 2.35317003216551e-07 2.98579010404865e-07 9.34640979721735e-07 1.39515998398565e-06 1.8626100199981e-06 4.87321995024104e-06 4.35696989598e-07 3.37130998673274e-08 2.33674999350342e-08 2.41041000492714e-08 2.64790003257076e-07 2.35130992223276e-05 4.22452012571739e-06 7.4613200240492e-07 1.62121001068272e-08 8.5236901981034e-09 6.39952979497593e-09 2.58913002149086e-09 1.37152000867502e-09 7.55173978905788e-10 5.33090016574533e-10 1.10253001173177e-10
-3.4e+38 -3.4e+38 -3.4e+38 -3.4e+38 0 0.732661008834839 0.742688000202179 0.703562021255493 0.719376981258392 0.704321980476379 0 0 0 0.638065993785858 0.384530007839203 0.0864557027816772 0.0091711999848485 0.00127326999790967 0.00171876000240445 0.0376612991094589 0.0632776021957397 0.0612837001681328 0.0328155010938644 0.0194952990859747 0.016337800770998 0.00849196035414934 0.00562065001577139 0.0055764801800251 0 0.00302109005860984 0.000475803011795506 9.57166994339786e-05 0.000265668000793085 0.000530546996742487 5.49901014892384e-05 3.72409012925345e-05 2.84686007034907e-06 1.26244003695319e-06 5.69775011172169e-07 5.10959978328174e-07 1.16453996668042e-07 5.9374099237175e-07 2.57733006492344e-07 2.48055994234164e-06 5.43905980521231e-06 1.56384999172587e-07 3.23824984604926e-08 3.20456017277593e-08 2.48115998857656e-08 4.35932001607853e-08 4.061780146003e-06 2.21629998122808e-05 1.19542000902584e-05 2.20820002283517e-08 6.64569999031528e-09 5.35256017286656e-09 4.51654980082594e-09 2.08164996351456e-09 8.46463010795162e-10 5.77311976002193e-10 4.60356003317841e-10
-3.4e+38 -3.4e+38 -3.4e+38 0 0.694662988185883 0.669489979743958 0.695282995700836 0.712234020233154 0.713441014289856 0.718258023262024 0.730868995189667 0.676557004451752 0.666462004184723 0.557798981666565 0.379456013441086 0.178005993366241 0.00338019989430904 0.00629088981077075 0.0205828007310629 0.0850967988371849 0.108686998486519 0 0 0 0.028787299990654 0.0215817000716925 0.0153086995705962 0 0 0 0 0 0.00271931989118457 1.51998001456377e-05 8.18531987079041e-07 6.60509977024049e-05 2.43557991552734e-07 4.34924984915597e-08 2.89729001679007e-07 9.58601958700456e-07 6.18273006125492e-08 3.94892012423043e-08 4.10033003106491e-08 1.65846995514585e-06 4.82162977277767e-06 2.98493006312128e-07 5.25405994267203e-07 2.95361992641574e-08 2.14360991179774e-08 2.08762997999656e-08 2.87532003540036e-07 8.16968986327993e-06 2.91369997285074e-06 8.17273999587087e-08 5.70758018625384e-09 5.70691005563617e-09 3.56975005111337e-09 3.0716800214492e-09 7.3944800282888e-10 4.32120006443881e-10 3.64760999183034e-10
-3.4e+38 -3.4e+38 -3.4e+38 0 0.692165970802307 0.692049026489258 0.701623022556305 0.712513029575348 0.723471999168396 0.715550005435944 0.694490015506744 0.662729978561401 0.574194014072418 0.497148990631104 0.269591987133026 0.0215483997017145 0.0359994992613792 0.134626001119614 0.217537000775337 0.150916993618011 0.178166002035141 0 0 0 0 0.045065701007843 0 0 0 0 0 0 0 0.000489920028485358 9.90273983916268e-05 5.75082003706484e-06 8.0117700917981e-08 2.8011200470246e-08 1.5361899841082e-07 6.96988990966929e-07 1.20059993946597e-07 1.08649000907235e-08 6.07602004265573e-08 2.40398003370501e-06 2.12526998666362e-07 3.99695991859517e-08 3.15544002660317e-06 1.28254998799093e-06 1.25259998640104e-06 2.48359004473286e-08 2.25718004287501e-08 1.13075998342538e-06 1.74747003711673e-06 3.21678008674553e-08 5.05799002681329e-09 5.31262012160028e-09 2.35512009894023e-09 1.68173996950571e-09 1.22182997053244e-09 8.20959022984624e-10 2.28221996856348e-10
-3.4e+38 -3.4e+38 -3.4e+38 0 0.699481010437012 0.708366990089417 0.708061993122101 0.725161015987396 0.728766977787018 0.728188991546631 0.70617401599884 0.687330007553101 0.607990026473999 0.502079010009766 0.148670002818108 0.0362115986645222 0.125654995441437 0.179532006382942 0.214045003056526 0.307572990655899 0 0 0 0 0 0 0 0 0 0 0 0.0168977007269859 0.00231456989422441 0.00582135003060102 0.00384285999462008 0.00034018000587821 1.19953001558315e-05 8.95763969310792e-06 1.14008998934878e-05 6.55339988497872e-07 1.61487996308551e-08 2.01257002174771e-08 6.5462501197544e-07 1.53724002416311e-07 1.3098600426531e-08 6.41323012473549e-08 4.99643010698492e-06 8.58463045005919e-06 2.04950993065722e-06 3.25307993875867e-08 1.29890995737014e-08 1.11066000840765e-08 5.23767027971189e-07 1.84531003810662e-08 4.42362990682454e-09 4.5761501255015e-09 1.76365000381651e-09 1.07870001819776e-09 7.52599982334345e-10 4.40283004499165e-10 4.61936988660483e-10
-3.4e+38 -3.4e+38 -3.4e+38 0 0.703499019145966 0.718625009059906 0.716292977333069 0.74004602432251 0.739522993564606 0.737286984920502 0.721867024898529 0.691296994686127 0.603821992874146 0.492668986320496 0.223116993904114 0.189407005906105 0.288049012422562 0.331095993518829 0.349938988685608 0.350006997585297 0 0 0 0 0 0 0 0 0 0 0 0 0.00168105994816869 0.00158998998813331 0 0.0145616997033358 0.00447452021762729 0.00032475299667567 4.41246993432287e-05 1.1252200238232e-05 3.66593013723104e-08 2.35073002841091e-07 4.20805008616298e-06 1.35727998440416e-06 1.45601006806828e-07 9.02780982414697e-07 6.91770992489182e-06 6.02754016654217e-06 4.29592000728007e-06 3.45400010814956e-08 1.5382699558586e-08 9.29177979003271e-09 1.92074001148512e-08 1.41132998621174e-08 3.97634991600171e-09 4.3597201404566e-09 2.13974993279464e-09 1.21151999543656e-09 6.43287978441265e-10 4.35835006973306e-10 3.96267990643295e-10
