inst/fut/Phytotoma_raimondii_cc85.asc
NCOLS 176 
NROWS 395 
XLLCORNER -81.417297363 
YLLCORNER -15.263731089 
CELLSIZE 0.0416666666647727 
NODATA_value -3.4e+38 
[rows 108 to 134 of 395, columns 0 to 60 of 176]
-3.4e+38 -3.4e+38 -3.4e+38 -3.4e+38 -3.4e+38 -3.4e+38 -3.4e+38 -3.4e+38 -3.4e+38 -3.4e+38 -3.4e+38 -3.4e+38 -3.4e+38 -3.4e+38 -3.4e+38 -3.4e+38 -3.4e+38 -3.4e+38 -3.4e+38 -3.4e+38 -3.4e+38 -3.4e+38 -3.4e+38 -3.4e+38 -3.4e+38 -3.4e+38 -3.4e+38 0 0 0 0 0 0 0 0 0 0 0 0 0 0 0 0.000144272999023087 2.61074001173256e-05 6.68693019179045e-06 8.68351980898296e-06 1.61293992277933e-05 0.000176829998963512 0.00065256399102509 0.000375472009181976 3.16963996738195e-05 7.11453030817211e-05 1.63469994731713e-05 1.30989001263515e-05 1.96656003481621e-07 9.4818801699148e-07 7.7180402513477e-06 6.88123975578492e-07 6.70749003006677e-08 2.48826008686365e-08 5.28970019786357e-07
-3.4e+38 -3.4e+38 -3.4e+38 -3.4e+38 -3.4e+38 -3.4e+38 -3.4e+38 -3.4e+38 -3.4e+38 -3.4e+38 -3.4e+38 -3.4e+38 -3.4e+38 -3.4e+38 -3.4e+38 -3.4e+38 -3.4e+38 -3.4e+38 -3.4e+38 -3.4e+38 -3.4e+38 -3.4e+38 -3.4e+38 -3.4e+38 -3.4e+38 -3.4e+38 0 0 0 0 0 0 0 0 0 0 0 0 0 0 0 5.36324005224742e-05 1.05379003798589e-05 4.62837988379761e-06 3.68460996469366e-06 2.90325006062631e-05 5.61314991500694e-05 5.45192997378763e-05 1.83139000000665e-05 3.16644991471549e-06 2.1562000256381e-05 4.19598000007682e-05 8.02951035439037e-06 2.79524010693422e-06 4.68596999780857e-06 1.86965007742401e-05 7.05559978086967e-06 5.21982997270243e-07 4.47730990060791e-08 7.6127903980705e-09 4.04101001549861e-08
-3.4e+38 -3.4e+38 -3.4e+38 -3.4e+38 -3.4e+38 -3.4e+38 -3.4e+38 -3.4e+38 -3.4e+38 -3.4e+38 -3.4e+38 -3.4e+38 -3.4e+38 -3.4e+38 -3.4e+38 -3.4e+38 -3.4e+38 -3.4e+38 -3.4e+38 -3.4e+38 -3.4e+38 -3.4e+38 -3.4e+38 -3.4e+38 -3.4e+38 -3.4e+38 0 0 0 0 0 0 0 0 0 0 0 0 0 0 4.02500991185661e-05 3.93820982935722e-06 2.83521990240843e-06 1.32243003463373e-05 1.07507003122009e-05 3.7540499761235e-05 0.000187847996130586 0.00012901499576401 8.06833995738998e-05 0.000185038006748073 0.000160302995936945 3.30578986904584e-05 6.92886987962993e-06 5.41670988241094e-06 2.46883996624092e-06 8.70120038598543e-06 1.86932004453411e-06 2.20608001200162e-07 5.38751017131744e-08 2.85709003122747e-08 4.79585011703421e-08
-3.4e+38 -3.4e+38 -3.4e+38 -3.4e+38 -3.4e+38 -3.4e+38 -3.4e+38 -3.4e+38 -3.4e+38 -3.4e+38 -3.4e+38 -3.4e+38 -3.4e+38 -3.4e+38 -3.4e+38 -3.4e+38 -3.4e+38 -3.4e+38 -3.4e+38 -3.4e+38 -3.4e+38 -3.4e+38 -3.4e+38 -3.4e+38 -3.4e+38 0 0 0 0 0 0 0 0 0 0 0 0 0 0 0 5.07899994772743e-06 1.98127008843585e-06 5.35820981895085e-06 2.2462299966719e-06 2.57152005360695e-05 3.80270989808196e-06 3.10983000417764e-06 1.83198994818667e-06 4.84172996948473e-05 6.83402031427249e-05 4.18292984250002e-05 2.74041994998697e-05 7.82560982770519e-06 3.52806000591954e-06 2.36976006817713e-06 3.95207007386489e-06 6.80274979458773e-07 2.59389992152137e-07 3.9238400972863e-08 3.2463898946844e-07 1.52111994111692e-07
-3.4e+38 -3.4e+38 -3.4e+38 -3.4e+38 -3.4e+38 -3.4e+38 -3.4e+38 -3.4e+38 -3.4e+38 -3.4e+38 -3.4e+38 -3.4e+38 -3.4e+38 -3.4e+38 -3.4e+38 -3.4e+38 -3.4e+38 -3.4e+38 -3.4e+38 -3.4e+38 -3.4e+38 -3.4e+38 -3.4e+38 0 0 0 0 0 0 0 0 0 0 0 0 0 0 0 1.82272003712569e-06 6.17487012277707e-06 3.83684982807608e-06 1.08426002043416e-06 2.11291990126483e-06 3.07526988763129e-07 1.01549005648849e-06 7.92436992469447e-07 6.20825971964223e-07 8.18143007563776e-07 7.01204999131733e-06 3.56642999577161e-06 2.46653999056434e-05 2.51157998718554e-05 1.35139998747036e-05 1.88253000033001e-06 4.29072997576441e-06 5.0907101467601e-06 5.74589023472072e-07 2.88564990569284e-07 3.57956992047548e-07 9.14088982284511e-09 7.16691994639973e-09
-3.4e+38 -3.4e+38 -3.4e+38 -3.4e+38 -3.4e+38 -3.4e+38 -3.4e+38 -3.4e+38 -3.4e+38 -3.4e+38 -3.4e+38 -3.4e+38 -3.4e+38 -3.4e+38 -3.4e+38 -3.4e+38 -3.4e+38 -3.4e+38 -3.4e+38 -3.4e+38 -3.4e+38 0 0 0 0 0 0 0 0 0 0 0 0 0 0 0 0 0 1.39946996569051e-05 7.00340990533732e-07 2.60426986642415e-07 1.48559001900139e-06 5.56198017420684e-07 7.66598020618403e-07 1.06459999926756e-07 7.77015998210118e-08 1.39901999318681e-07 1.4825499761173e-07 1.18646005375922e-06 1.54604003910208e-06 1.52602005982772e-05 1.00202996691223e-05 2.44080001721159e-06 1.37264999011677e-06 1.21521998153185e-06 9.06811976619792e-07 1.23602006851797e-07 2.36277998055812e-07 5.73351011112777e-09 8.35056024328651e-10 1.52853996127078e-09
-3.4e+38 -3.4e+38 -3.4e+38 -3.4e+38 -3.4e+38 -3.4e+38 -3.4e+38 -3.4e+38 -3.4e+38 -3.4e+38 -3.4e+38 -3.4e+38 -3.4e+38 -3.4e+38 -3.4e+38 -3.4e+38 -3.4e+38 -3.4e+38 -3.4e+38 -3.4e+38 0 0 0 0 0 0 0 0 0 0 0 0 0 0 0 0 0 3.28362989421294e-06 1.22487995213305e-06 9.93755975287058e-08 5.63797982522374e-07 2.71579006039246e-06 2.14422993849439e-06 2.17605997931969e-06 4.11950992429411e-07 6.5880300326171e-07 1.09672001258332e-07 8.49108019451705e-08 7.34109022459961e-08 8.96147980711248e-07 1.68475003192725e-06 1.57862996275071e-06 1.01885996173223e-06 6.8205298475732e-07 3.31261986730169e-07 1.91292997442361e-07 4.98993983910623e-08 3.69801000488224e-07 1.66341997953623e-08 5.7999799407682e-10 3.58251012189115e-10
-3.4e+38 -3.4e+38 -3.4e+38 -3.4e+38 -3.4e+38 -3.4e+38 -3.4e+38 -3.4e+38 -3.4e+38 -3.4e+38 -3.4e+38 -3.4e+38 -3.4e+38 -3.4e+38 -3.4e+38 -3.4e+38 -3.4e+38 -3.4e+38 -3.4e+38 -3.4e+38 0 0 0 0 0 0 0 0 0 0 0 0 0 0 0 0 0 1.4062899936107e-05 1.36765004299377e-06 1.45274000828977e-07 3.8776198607593e-07 4.00338990402815e-07 9.72959028899822e-08 2.73640989689738e-06 4.92938988827518e-06 7.34282002667896e-06 1.08338997506507e-06 1.71840994767081e-07 2.5958199145748e-08 3.37513000658873e-07 8.29695977699885e-07 1.10866994873504e-06 4.13858998626893e-07 5.54974008082354e-07 4.57266992270888e-07 6.2787997023861e-08 4.38175007388963e-08 1.64414998948814e-07 1.30168997802826e-09 3.41956990501657e-10 1.83057000113784e-10
-3.4e+38 -3.4e+38 -3.4e+38 -3.4e+38 -3.4e+38 -3.4e+38 -3.4e+38 -3.4e+38 -3.4e+38 -3.4e+38 -3.4e+38 -3.4e+38 -3.4e+38 -3.4e+38 -3.4e+38 -3.4e+38 -3.4e+38 -3.4e+38 0 0 0 0 0 0 0 0 0 0 0 0 0 0 0 0 0 0 0 0 2.2232299670577e-05 1.03494005543325e-06 7.84868987580012e-08 2.03561000944319e-07 2.30276000934282e-07 5.54984978862194e-07 1.95973996142129e-07 2.68740996034467e-06 2.48373999056639e-06 3.95389008644997e-07 1.28484998640488e-07 6.46347970700845e-08 3.65468991958551e-07 5.46941976153903e-07 5.38271024197456e-07 4.30117012228948e-07 2.29169003773677e-07 6.27497982463865e-08 2.12298999713312e-07 1.01620001302649e-08 7.93082988170823e-10 1.60469998400359e-10 6.02239993985343e-11
-3.4e+38 -3.4e+38 -3.4e+38 -3.4e+38 -3.4e+38 -3.4e+38 -3.4e+38 -3.4e+38 -3.4e+38 -3.4e+38 -3.4e+38 -3.4e+38 -3.4e+38 -3.4e+38 -3.4e+38 -3.4e+38 0 0 0 0 0 0 0 0 0 0 0 0 0 0 0 0 0 0 0 1.61294992722105e-05 0 2.5215400455636e-05 9.92979039438069e-07 1.21186005230811e-07 1.09939001902148e-07 6.4426096457737e-08 2.55476010124767e-07 1.49908004232202e-07 1.30849002744071e-07 1.64964001214685e-06 6.57655982649885e-06 1.01220996384654e-06 1.89442005193996e-07 4.00074995354771e-08 1.84257999080728e-07 3.34347987518413e-07 2.45210003413376e-07 2.86871994603644e-07 1.04622003505028e-07 1.71519999980774e-07 1.87983005162096e-07 5.70218006146206e-09 1.29774002655125e-09 1.32014996157004e-10 3.50254998615629e-11
-3.4e+38 -3.4e+38 -3.4e+38 -3.4e+38 -3.4e+38 -3.4e+38 -3.4e+38 -3.4e+38 -3.4e+38 -3.4e+38 -3.4e+38 -3.4e+38 -3.4e+38 -3.4e+38 0 0 0 0 0 0 0 0 0 0 0 0 0 0 0 0 0 0 0 4.22160010202788e-05 3.66144007557523e-07 5.13916006639192e-07 4.56570978712989e-06 3.79102999659153e-07 1.22974000760223e-07 1.13307002891361e-07 1.53458998397582e-07 8.67670024717881e-08 3.49808004784791e-07 5.46051012406679e-07 2.10606998507501e-07 1.20427000638301e-06 1.06683000922203e-06 2.70728008899823e-07 1.25715004628546e-07 1.57833000002938e-07 8.09671973911463e-08 2.29498994031019e-07 1.99949994339477e-07 1.03833002640386e-07 1.08492002937055e-07 1.12324002543573e-07 1.0972600250625e-07 3.63367007594206e-08 2.95588993282081e-08 1.20116000479342e-10 3.92553003991658e-11
-3.4e+38 -3.4e+38 -3.4e+38 -3.4e+38 -3.4e+38 -3.4e+38 -3.4e+38 -3.4e+38 -3.4e+38 -3.4e+38 -3.4e+38 -3.4e+38 -3.4e+38 -3.4e+38 0 0 0 0 0 0 0 0 0 0 0 0 0 0 0 0 0 0 4.31826993008144e-05 1.38245995913167e-05 4.42333004002649e-07 7.99662984718452e-07 5.60241005587159e-07 3.91431996149549e-07 8.1121100947712e-08 7.86954998943656e-08 9.16911986337254e-08 2.1833299967966e-07 4.98277984206652e-07 4.19425987274735e-07 1.03085000091596e-07 1.15380998977344e-07 3.31455999003083e-06 5.23100993632397e-07 2.27979001010681e-07 2.14077999771689e-07 2.07550996833561e-07 1.213319933413e-07 1.01659999529602e-07 8.96496032964933e-08 8.74374990189608e-08 9.49487031220997e-08 3.78941997780657e-08 1.1352099704709e-08 4.36482983090514e-09 1.22636997779146e-10 7.62286969657744e-11
-3.4e+38 -3.4e+38 -3.4e+38 -3.4e+38 -3.4e+38 -3.4e+38 -3.4e+38 -3.4e+38 -3.4e+38 -3.4e+38 -3.4e+38 -3.4e+38 -3.4e+38 -3.4e+38 0 0 0 0 0 0 0 0 0 0 0.0271405000239611 0.0140343001112342 0.00437285006046295 0.00219142995774746 0.000567273003980517 0.00025211600586772 0.000215011998079717 6.90430024405941e-05 8.73108001542278e-06 7.70178019138257e-07 9.73029045781004e-07 1.88619003438362e-06 8.5597599763787e-07 4.77647972729756e-07 1.42738002750775e-07 2.76357013717643e-07 1.51763998701426e-07 3.50412989291726e-07 1.44072004104601e-07 1.71058005093983e-07 1.81504006491195e-07 3.25040986126623e-07 2.78790002994356e-06 2.39540008806216e-06 2.73311997034398e-07 1.88037006410013e-07 1.61781002816497e-07 8.03195021603642e-08 4.66521008490872e-08 8.26066965942118e-08 4.14170990836737e-08 2.49220004633344e-08 2.06705994543199e-08 2.65950994560171e-08 3.51387008379334e-08 1.26078994466816e-10 1.0675999667642e-10
-3.4e+38 -3.4e+38 -3.4e+38 -3.4e+38 -3.4e+38 -3.4e+38 -3.4e+38 -3.4e+38 -3.4e+38 -3.4e+38 -3.4e+38 -3.4e+38 -3.4e+38 0 0 0 0 0 0 0 0 0 0 0 0.00365825998596847 0.000251788995228708 9.91018969216384e-05 0.000100413002655841 0.000104011000075843 1.0868499884964e-05 1.36318003569613e-05 6.52496009934111e-06 2.81284997072362e-06 4.34264984505717e-06 3.68385008187033e-06 2.212679959257e-07 7.0284997377712e-08 8.05953987992325e-08 4.42845987436158e-07 1.48851000858485e-07 1.44278004654552e-07 1.02667996770833e-07 1.32259003748914e-07 1.63299006317175e-07 4.40017004166293e-07 2.58532008956536e-06 3.9058800211933e-06 4.35349988947564e-07 7.20981006452348e-07 1.63725005108972e-07 1.34079002123144e-07 9.80443033427036e-08 4.31507984899326e-08 2.66376005697566e-08 1.97803995405366e-08 7.2576700205218e-09 1.72765002304232e-09 6.84402978734511e-09 1.81176995628363e-09 8.98656010717147e-11 2.45959003164486e-10
-3.4e+38 -3.4e+38 -3.4e+38 -3.4e+38 -3.4e+38 -3.4e+38 -3.4e+38 -3.4e+38 -3.4e+38 -3.4e+38 -3.4e+38 -3.4e+38 0 0 0 0 0 0 0 0 0 0 0 0.0111844995990396 0.000600229017436504 0.000122312994790263 0.00025131698930636 0.00011374300083844 0.000132141998619772 5.05034004163463e-05 4.68327998532914e-05 6.86732964823022e-05 1.84316995728295e-05 1.92430002243782e-06 1.40607994580932e-07 1.52807999143079e-07 1.60179993713427e-08 2.00226999425013e-08 3.53180986678581e-08 8.16957026472664e-08 6.49004974206946e-08 2.78040005241564e-07 6.04757985911419e-07 9.36852984523284e-07 1.66401002843486e-06 5.20079993293621e-06 4.50278008656824e-07 3.48126008020699e-07 2.46616991717019e-06 1.39614002137023e-07 1.52146000687026e-07 7.11714989165557e-08 5.13361015919145e-08 4.64484983808688e-08 1.53035006889013e-08 2.79441003669945e-09 9.06469033168378e-09 5.7759499405563e-09 5.65679014741249e-09 8.44447983761043e-11 2.59634008736853e-10
-3.4e+38 -3.4e+38 -3.4e+38 -3.4e+38 -3.4e+38 -3.4e+38 -3.4e+38 -3.4e+38 -3.4e+38 -3.4e+38 0 0 0 0 0 0 0 0 0 0 0 0.0572084002196789 0.0170220006257296 0.00899804010987282 0.00177478999830782 0.00138882000464946 0.000220114001422189 0.000160815994604491 0 0 8.59611027408391e-05 1.20994000099017e-05 2.22436995045427e-07 2.16999993085665e-07 6.64909993730589e-09 4.58106015344129e-08 3.08512007052286e-08 3.08007983562675e-08 1.50651999319962e-07 1.46920001498074e-07 4.17237998817654e-07 1.22746996567002e-06 2.32851994041994e-06 3.09772008222353e-06 7.65687036619056e-06 9.44114981393795e-06 4.81649010453111e-07 1.93096002476523e-06 1.88282992894528e-05 8.98143014183006e-07 8.02685008238768e-07 7.29937994492502e-08 7.94954004845749e-08 4.10445011311822e-08 4.35961986511302e-08 1.06298001512073e-08 1.76890002645536e-09 6.74559019753218e-10 5.81384007602992e-09 1.52864998437252e-10 1.38985004061176e-10
-3.4e+38 -3.4e+38 -3.4e+38 -3.4e+38 -3.4e+38 -3.4e+38 -3.4e+38 -3.4e+38 -3.4e+38 -3.4e+38 0 0 0 0 0 0 0 0 0 0 0.076673299074173 0.0236766003072262 0.0103048998862505 0.00836494006216526 0 0 0.00064920901786536 0.000401947007048875 0.0002867869916372 6.58553017274244e-06 9.7130701703918e-08 5.87507997806824e-08 1.06794999510385e-08 4.53321007398699e-08 1.22595995577512e-08 1.74199001889974e-08 3.87313008332058e-08 7.05829990010898e-08 7.66694014942004e-08 1.95883004039388e-07 4.02013000666557e-07 6.15681017279712e-07 1.08670997178706e-06 4.01816987505299e-06 2.23082997763413e-06 1.71635997503472e-06 1.45488002090133e-06 5.64784977541422e-06 4.42146993009374e-05 5.84802000958007e-05 1.02470994534087e-06 6.96752024964553e-08 9.37719022431338e-08 5.46686997893175e-08 3.11313996803619e-08 1.31517996493358e-08 4.10669986905532e-09 9.07650010706362e-10 1.19253995567448e-09 3.16046994131014e-10 6.94667032230534e-11
-3.4e+38 -3.4e+38 -3.4e+38 -3.4e+38 -3.4e+38 -3.4e+38 -3.4e+38 -3.4e+38 -3.4e+38 0 0 0 0 0 0 0 0.342893987894058 0 0 0 0.0408072993159294 0.016270499676466 0 0 0 0.000786977994721383 0 0.000413227011449635 0.000127164006698877 2.14784995478112e-05 1.04527998701087e-06 1.63628001814686e-07 1.2195799570236e-07 1.48756997830901e-08 1.23998997736408e-08 5.02250010470107e-08 7.18034982583049e-08 9.23756999782199e-08 1.85402996066841e-07 1.33436998339675e-07 1.53111997747146e-07 2.10660004995589e-07 2.55918007496803e-06 1.56639998749597e-06 1.44043997352128e-05 6.90287015459035e-06 1.91327999345958e-05 1.40476995511563e-05 2.80435997410677e-05 8.30670978757553e-05 1.99793998945097e-06 9.32462995706373e-08 6.42222985902663e-08 6.0903296628112e-08 2.97086995004747e-08 2.10206998474405e-08 2.05298000821585e-08 1.59520996412255e-09 8.44862013682501e-10 3.37603001110409e-10 3.86459003687278e-10
-3.4e+38 -3.4e+38 -3.4e+38 -3.4e+38 -3.4e+38 -3.4e+38 -3.4e+38 -3.4e+38 0 0 0 0 0 0 0 0 0 0 0.114684000611305 0.0301767997443676 0.0188753008842468 0.0199024006724358 0 0.00398086989298463 0.000366622989531606 0.000358171993866563 0.000732826010789722 0 0.000355207012034953 4.72356987302192e-05 4.5067199607729e-06 3.54953999703866e-06 2.75782014114156e-07 2.47871998482196e-08 3.50629996148655e-08 4.97998016157908e-08 7.83979032803472e-08 1.25503007097905e-07 1.32032994315523e-07 2.55908986446229e-07 4.30098992865169e-07 1.51704000472819e-06 2.78475999948569e-06 1.4149300113786e-06 9.43638042372186e-06 7.32797980163014e-06 3.48971002495091e-06 8.04438968771137e-06 2.68475996563211e-05 6.43685998511501e-05 6.17108980804915e-06 1.427529952025e-07 4.24183994596206e-08 3.57747005352849e-08 3.23734994367442e-08 1.54550008346632e-08 6.22511997505626e-09 2.68016009385974e-09 1.78143000351128e-09 9.02227015320278e-10 3.10597991770578e-10
-3.4e+38 -3.4e+38 -3.4e+38 -3.4e+38 -3.4e+38 -3.4e+38 -3.4e+38 0 0 0 0 0 0 0 0 0 0.335060000419617 0.0775144994258881 0.00569486012682319 0.00109386001713574 0.002411870053038 0 0 0.00662703020498157 0.00250399997457862 0.000339821999659762 0.000903941981960088 0.000465324003016576 0.000341628998285159 2.49406002694741e-05 9.01706971490057e-06 2.72836996373371e-06 3.6767801248061e-08 4.83440985021844e-08 5.78178003252106e-08 7.28215994172388e-08 1.07127000603668e-07 1.36997996946775e-07 5.61352976546914e-07 3.60039990709993e-07 1.30940998133156e-06 2.58546992881747e-06 1.30426997202449e-06 5.36492007086053e-06 2.97841006613453e-06 1.75447003130103e-05 2.6171599074587e-06 6.12201984040439e-06 9.01711973710917e-06 5.60435983061325e-05 1.28384999698028e-05 9.02242973666034e-08 4.06970990241007e-08 3.5889598848371e-08 2.49243008454414e-08 1.71846998853198e-08 1.428750007193e-08 5.82417980510286e-09 1.94182003809829e-09 1.02677000235474e-09 2.02951003225316e-10
-3.4e+38 -3.4e+38 -3.4e+38 -3.4e+38 -3.4e+38 -3.4e+38 0 0 0 0.637697994709015 0 0 0 0 0.520439028739929 0.355659991502762 0.107951000332832 0.00675272010266781 0.00100991001818329 0.000458332011476159 0.0131850996986032 0.0284934006631374 0.0173464994877577 0 0.00531279016286135 0.00223866989836097 0.00125664996448904 0.000752391992136836 0.00036232199636288 0.000290542986476794 0.000186926001333632 2.92307004201575e-06 2.37985005924202e-07 2.57403002024148e-07 7.55347002723283e-08 1.23703998156088e-07 1.90289000556731e-07 1.40694999117841e-06 4.10306000730998e-07 5.91150012496655e-07 8.694349844518e-07 2.10526991395454e-06 2.25336998482817e-06 3.22779010275553e-06 7.9909996202332e-06 3.16613986797165e-05 8.77990987646626e-06 5.6069302445394e-07 2.8792601369787e-07 1.32231998577481e-05 2.10155994864181e-05 1.7197299939653e-07 6.27951024512186e-08 4.50630004422692e-08 2.5848100548842e-08 1.882249911489e-08 8.2570403847626e-09 5.39791011888724e-09 3.35451999511349e-09 1.47422996032986e-09 3.63509000678164e-10
-3.4e+38 -3.4e+38 -3.4e+38 -3.4e+38 -3.4e+38 0 0 0 0.585344970226288 0.576089978218079 0 0 0 0 0.509405970573425 0.186430007219315 0.0678604990243912 0.00979212019592524 0.000305169000057504 0.00326811010017991 0.0415998995304108 0.023513600230217 0.0265945997089148 0.0141874998807907 0.00973873026669025 0.00560704991221428 0.00301160989329219 0.00178000004962087 0.00200900994241238 0.00139708002097905 0.000124059995869175 4.63163996755611e-05 2.92107006316655e-06 9.63228012551554e-06 9.08410981992347e-07 1.98946008822531e-06 1.1169099707331e-06 1.21592995583342e-06 4.78160984584974e-07 8.15520991181984e-07 1.06468996818876e-06 1.7025899978762e-06 2.83534996015078e-06 3.24213010571839e-06 1.11418003143626e-05 1.43218005632662e-06 1.06422000101247e-07 6.6270601450924e-08 6.98528026532585e-08 5.2475598977253e-07 3.23195999953896e-05 6.03054013481596e-06 1.23692996112368e-06 4.11150011814243e-08 2.24678995408567e-08 1.59856998749319e-08 8.15416001387348e-09 4.19783008354102e-09 2.67658006869453e-09 2.54452992010101e-09 4.96648999703808e-10
-3.4e+38 -3.4e+38 -3.4e+38 -3.4e+38 0 0.522315979003906 0.561044991016388 0.51697301864624 0.555998027324677 0.555028975009918 0 0.617027997970581 0 0.554324984550476 0.351610988378525 0.0868405029177666 0.0113158002495766 0.00180035002995282 0.0022834800183773 0.0404983013868332 0.0650902017951012 0.0619299001991749 0.0363117009401321 0.0207106992602348 0 0.00977902021259069 0.00650916993618011 0.00639110989868641 0 0.00315990997478366 0.000525982992257923 0.000111319001007359 0.000274430989520624 0.000509552017319947 5.54293983441312e-05 3.74180999642704e-05 3.25040991810965e-06 1.51764004385768e-06 8.11621987395483e-07 1.03926004157984e-06 4.8242299044432e-07 1.800499944693e-06 1.00492002275132e-06 5.21441006640089e-06 1.02157000583247e-05 4.97792996156932e-07 9.43102023143183e-08 8.51209023267074e-08 7.04381974969692e-08 1.06251000886459e-07 6.23715004621772e-06 2.68687999778194e-05 1.35313002829207e-05 5.4799798476779e-08 1.92358005079996e-08 1.31351995946716e-08 1.13396003698085e-08 6.19770990084589e-09 2.665510034916e-09 2.27191998547482e-09 1.57371005116147e-09
-3.4e+38 -3.4e+38 -3.4e+38 0 0.467016994953156 0.452174007892609 0.50457900762558 0.525502026081085 0.556236028671265 0.565245985984802 0.60080099105835 0.552592992782593 0.568856000900269 0.471318989992142 0.333687007427216 0.165750995278358 0.00452715996652842 0.00803122017532587 0.023327499628067 0.0848796963691711 0.107864998281002 0 0 0 0.0314267985522747 0 0 0 0 0 0 0 0.00257361005060375 1.77074998646276e-05 1.10023995603115e-06 6.84710976202041e-05 3.9286601349886e-07 1.67123999972318e-07 6.10450001659046e-07 1.43946999742184e-06 2.51289009156608e-07 1.61689001743071e-07 1.49995997844599e-07 3.26342001244484e-06 9.73125042946776e-06 8.06374998774118e-07 1.19701996936783e-06 7.74507995515705e-08 6.17230995203499e-08 5.69629001745398e-08 5.32057015334431e-07 1.03305001175613e-05 3.99199007006246e-06 1.87241994353826e-07 1.71917005076239e-08 1.40917002511287e-08 1.06944000322073e-08 8.40257019518731e-09 2.71065991874764e-09 1.59526003518096e-09 1.37953004575309e-09
-3.4e+38 -3.4e+38 -3.4e+38 0 0.46814900636673 0.459069013595581 0.50722199678421 0.522599995136261 0.554893970489502 0.557478010654449 0.556491017341614 0.530436992645264 0.475923985242844 0.411482989788055 0.245235994458199 0.0254583992063999 0.0401104986667633 0.131255000829697 0.198987007141113 0.141109004616737 0.168323993682861 0 0 0 0 0 0 0 0 0 0 0 0 0.000477766006952152 9.7355899924878e-05 6.4118398768187e-06 2.48409008918316e-07 1.26260005117729e-07 4.43728993104742e-07 1.38488996981323e-06 4.03552007810504e-07 5.34420010467329e-08 2.02452994813029e-07 4.74391981697408e-06 5.84125984914863e-07 1.21539997621767e-07 5.50963977730135e-06 2.19336993723118e-06 2.05878995984676e-06 6.68757991206803e-08 5.75926009105387e-08 1.72653994923166e-06 2.55713007391023e-06 7.79960984687023e-08 1.55077994890007e-08 1.34166997511898e-08 7.90530041427928e-09 5.55768986387761e-09 4.47237002987322e-09 2.85673995570335e-09 1.03367003845278e-09
-3.4e+38 -3.4e+38 -3.4e+38 0 0.469758003950119 0.47937399148941 0.502260029315948 0.532652020454407 0.557651996612549 0.562828004360199 0.56869900226593 0.542577028274536 0.491392999887466 0.402067005634308 0.144010007381439 0.0392654985189438 0.121864996850491 0.167145997285843 0.193479999899864 0.264607012271881 0 0 0 0 0 0 0 0 0 0 0 0 0.0022106000687927 0.00516977999359369 0.00330507010221481 0.000325803004670888 1.31106999106123e-05 9.79828018898843e-06 1.19611004265607e-05 1.12258999251935e-06 7.13649015438023e-08 8.97786023301705e-08 1.48796004850738e-06 3.82938992515847e-07 4.95975989167619e-08 1.78803006178896e-07 8.74913985171588e-06 1.41608998092124e-05 3.52451002072485e-06 8.60225028986861e-08 4.19626005054852e-08 3.5146801025121e-08 9.91346041701036e-07 5.09384001645685e-08 1.41341001125284e-08 1.39895997008921e-08 6.86656997928026e-09 4.52663995176295e-09 3.04603009482207e-09 1.8026300452334e-09 2.61689003799859e-09
-3.4e+38 -3.4e+38 -3.4e+38 0 0.472000002861023 0.482805997133255 0.508448004722595 0.543873012065887 0.559508979320526 0.568979978561401 0.568647980690002 0.539523005485535 0.477717012166977 0.390563011169434 0.197913005948067 0.175429999828339 0.255892992019653 0.284565001726151 0.303703993558884 0.30019399523735 0 0 0 0 0 0 0 0 0 0 0 0 0.0016324600437656 0.00153336999937892 0 0 0.00368575006723404 0.00030124798649922 4.3838401325047e-05 1.2044200047967e-05 1.3687700572973e-07 5.96086977111554e-07 5.87017984798877e-06 2.30609998652653e-06 3.83071011356151e-07 1.77820004410023e-06 1.1266500223428e-05 1.01490004453808e-05 7.1933000072022e-06 9.43693976296345e-08 4.67207996734942e-08 2.85198993310587e-08 5.28789989573397e-08 4.14663006154115e-08 1.38107001390608e-08 1.36766997727022e-08 8.38833003058426e-09 5.00358998678507e-09 2.77735989762107e-09 2.00770000624573e-09 2.02777994395831e-09
