inst/fut/Phytotoma_raimondii_he85.asc
NCOLS 176 
NROWS 395 
XLLCORNER -81.417297363 
YLLCORNER -15.263731089 
CELLSIZE 0.0416666666647727 
NODATA_value -3.4e+38 
[rows 108 to 134 of 395, columns 0 to 61 of 176]
-3.4e+38 -3.4e+38 -3.4e+38 -3.4e+38 -3.4e+38 -3.4e+38 -3.4e+38 -3.4e+38 -3.4e+38 -3.4e+38 -3.4e+38 -3.4e+38 -3.4e+38 -3.4e+38 -3.4e+38 -3.4e+38 -3.4e+38 -3.4e+38 -3.4e+38 -3.4e+38 -3.4e+38 -3.4e+38 -3.4e+38 -3.4e+38 -3.4e+38 -3.4e+38 -3.4e+38 0 0 0 0 0 0 0 0 0 0 0 0 0 0 0 0 1.46438003412186e-06 5.44825979886809e-07 1.19393996556028e-06 3.62196010428306e-06 5.73577999603003e-05 0.00024203400244005 0.000149561004946008 1.06168999991496e-05 2.87040002149297e-05 7.64605010772357e-06 1.39690000651171e-05 2.00456000243321e-07 1.12409998109797e-06 1.24170001072343e-05 9.67719984146242e-07 9.8722900077064e-08 3.69553987411564e-08 9.23463971957972e-07 7.57305997467483e-07
-3.4e+38 -3.4e+38 -3.4e+38 -3.4e+38 -3.4e+38 -3.4e+38 -3.4e+38 -3.4e+38 -3.4e+38 -3.4e+38 -3.4e+38 -3.4e+38 -3.4e+38 -3.4e+38 -3.4e+38 -3.4e+38 -3.4e+38 -3.4e+38 -3.4e+38 -3.4e+38 -3.4e+38 -3.4e+38 -3.4e+38 -3.4e+38 -3.4e+38 -3.4e+38 0 0 0 0 0 0 0 0 0 0 0 0 0 0 0 2.82842006527062e-06 4.86122985421389e-07 2.39136994650835e-07 3.0898598879503e-07 5.47419995200471e-06 1.29938998725265e-05 1.41534001159016e-05 5.12672022523475e-06 8.55781024711177e-07 7.17149987394805e-06 1.86151992238592e-05 6.68588018015726e-06 2.66799997916678e-06 5.60777016289649e-06 2.6699599402491e-05 1.21407001643092e-05 7.75465991864621e-07 6.58395009622836e-08 1.07174003005639e-08 6.58232011119253e-08 4.62565992620512e-07
-3.4e+38 -3.4e+38 -3.4e+38 -3.4e+38 -3.4e+38 -3.4e+38 -3.4e+38 -3.4e+38 -3.4e+38 -3.4e+38 -3.4e+38 -3.4e+38 -3.4e+38 -3.4e+38 -3.4e+38 -3.4e+38 -3.4e+38 -3.4e+38 -3.4e+38 -3.4e+38 -3.4e+38 -3.4e+38 -3.4e+38 -3.4e+38 -3.4e+38 -3.4e+38 0 0 0 0 0 0 0 0 0 0 0 0 0 0 1.67182997756754e-06 1.22342001418474e-07 2.25475005777298e-07 1.62616004217853e-06 1.43016995934886e-06 7.33431988919619e-06 5.1179900765419e-05 4.07061997975688e-05 2.92439999611815e-05 7.03039986547083e-05 6.26570035819896e-05 1.42434000736102e-05 6.3728498389537e-06 5.48440993952681e-06 2.21841992242844e-06 1.26057002489688e-05 2.75755996881344e-06 3.12779008027064e-07 8.36117024505256e-08 4.13104004337583e-08 8.22340027184509e-08 5.69829978758207e-07
-3.4e+38 -3.4e+38 -3.4e+38 -3.4e+38 -3.4e+38 -3.4e+38 -3.4e+38 -3.4e+38 -3.4e+38 -3.4e+38 -3.4e+38 -3.4e+38 -3.4e+38 -3.4e+38 -3.4e+38 -3.4e+38 -3.4e+38 -3.4e+38 -3.4e+38 -3.4e+38 -3.4e+38 -3.4e+38 -3.4e+38 -3.4e+38 -3.4e+38 0 0 0 0 0 0 0 0 0 0 0 0 0 0 0 1.17672996680085e-07 1.23651005878855e-07 5.06354979279422e-07 2.73186003596493e-07 4.53702978120418e-06 7.32504986444837e-07 8.85620977442159e-07 6.50770004995138e-07 1.83025003934745e-05 3.00697993225185e-05 1.75526001839899e-05 1.41173004521988e-05 5.01960994370165e-06 2.09180007004761e-06 2.75536990557157e-06 5.74841988054686e-06 1.03391994343838e-06 3.95423001009476e-07 6.45458015924305e-08 6.15139015280874e-07 2.62100002146326e-07 6.5414002392572e-07
-3.4e+38 -3.4e+38 -3.4e+38 -3.4e+38 -3.4e+38 -3.4e+38 -3.4e+38 -3.4e+38 -3.4e+38 -3.4e+38 -3.4e+38 -3.4e+38 -3.4e+38 -3.4e+38 -3.4e+38 -3.4e+38 -3.4e+38 -3.4e+38 -3.4e+38 -3.4e+38 -3.4e+38 -3.4e+38 -3.4e+38 0 0 0 0 0 0 0 0 0 0 0 0 0 0 0 3.0867798983536e-08 1.14938998763137e-07 9.69623030755429e-08 6.4154100698488e-08 2.44770006929684e-07 4.21516013204837e-08 1.65022001397119e-07 1.55747002850148e-07 1.94145002296864e-07 2.90537997216234e-07 2.841720061042e-06 1.89780996606714e-06 1.1946400263696e-05 1.09942002382013e-05 7.43117016099859e-06 1.55896998421667e-06 6.14668988418998e-06 7.46045998312184e-06 8.54310997056018e-07 4.3373199787311e-07 6.73526017180848e-07 8.81891004667068e-09 7.38736982697219e-09 2.74082992746116e-07
-3.4e+38 -3.4e+38 -3.4e+38 -3.4e+38 -3.4e+38 -3.4e+38 -3.4e+38 -3.4e+38 -3.4e+38 -3.4e+38 -3.4e+38 -3.4e+38 -3.4e+38 -3.4e+38 -3.4e+38 -3.4e+38 -3.4e+38 -3.4e+38 -3.4e+38 -3.4e+38 -3.4e+38 0 0 0 0 0 0 0 0 0 0 0 0 0 0 0 0 0 2.76542010624325e-07 1.8993100425746e-08 9.88258008760567e-09 1.0599600130945e-07 5.63777007300814e-08 9.92999034110653e-08 2.30142003232459e-08 1.84331003794114e-08 4.5447098528939e-08 5.42979989859305e-08 6.13243003044772e-07 9.1713297933893e-07 8.24553990241839e-06 6.12120993537246e-06 2.46645004153834e-06 1.4165300399327e-06 1.73500995970244e-06 1.26051997995091e-06 1.69187003962179e-07 3.69567999314313e-07 5.32250998830364e-09 5.62608015730603e-10 1.49609002964013e-09 1.59649999886824e-07
-3.4e+38 -3.4e+38 -3.4e+38 -3.4e+38 -3.4e+38 -3.4e+38 -3.4e+38 -3.4e+38 -3.4e+38 -3.4e+38 -3.4e+38 -3.4e+38 -3.4e+38 -3.4e+38 -3.4e+38 -3.4e+38 -3.4e+38 -3.4e+38 -3.4e+38 -3.4e+38 0 0 0 0 0 0 0 0 0 0 0 0 0 0 0 0 0 3.7625000004482e-08 2.06315000639279e-08 2.40666997441963e-09 2.76442992941384e-08 2.14623995020702e-07 2.09665998340824e-07 2.72345005214447e-07 6.73149997965083e-08 1.27761992985143e-07 3.43851986883692e-08 3.02198017720912e-08 3.81932991899703e-08 5.4260698334474e-07 1.08782001007057e-06 1.33884998376743e-06 1.06127004073642e-06 6.66795983761403e-07 4.07416990810816e-07 2.53887009193932e-07 6.80521026197312e-08 6.24663016424165e-07 2.16219007143081e-08 3.60807994592705e-10 2.76347000838228e-10 1.15433998360004e-07
-3.4e+38 -3.4e+38 -3.4e+38 -3.4e+38 -3.4e+38 -3.4e+38 -3.4e+38 -3.4e+38 -3.4e+38 -3.4e+38 -3.4e+38 -3.4e+38 -3.4e+38 -3.4e+38 -3.4e+38 -3.4e+38 -3.4e+38 -3.4e+38 -3.4e+38 -3.4e+38 0 0 0 0 0 0 0 0 0 0 0 0 0 0 0 0 0 2.06059993956842e-07 2.3707100282877e-08 4.63868987665705e-09 1.9503200832105e-08 2.10804991240821e-08 4.76538009053229e-09 3.77069994783596e-07 8.65202025579492e-07 1.60735999088502e-06 3.16333000682789e-07 6.3287899365605e-08 1.43183003231684e-08 1.8347799368712e-07 6.62251011362969e-07 8.87239991698152e-07 5.56617010261107e-07 7.2755398150548e-07 5.84157021421561e-07 7.5103898211637e-08 7.26247009197323e-08 3.08333000020866e-07 1.06785003062271e-09 2.53143006556655e-10 1.67358002456375e-10 1.68473999195839e-08
-3.4e+38 -3.4e+38 -3.4e+38 -3.4e+38 -3.4e+38 -3.4e+38 -3.4e+38 -3.4e+38 -3.4e+38 -3.4e+38 -3.4e+38 -3.4e+38 -3.4e+38 -3.4e+38 -3.4e+38 -3.4e+38 -3.4e+38 -3.4e+38 0 0 0 0 0 0 0 0 0 0 0 0 0 0 0 0 0 0 0 0 0 1.82541999294017e-08 2.68790989466083e-09 9.16073972234699e-09 1.80579000641501e-08 4.31384989951766e-08 1.50242005503287e-08 4.3740200794673e-07 7.91891011431289e-07 1.32278998421498e-07 6.29633021276277e-08 3.66638985838108e-08 2.52941987355371e-07 4.33157993029454e-07 6.38620008430735e-07 5.90893023399985e-07 2.8645101224356e-07 7.36983025717564e-08 3.81400013793609e-07 1.27027997010032e-08 6.12128014942925e-10 1.21453000434535e-10 4.47414987003736e-11 3.43277004044573e-11
-3.4e+38 -3.4e+38 -3.4e+38 -3.4e+38 -3.4e+38 -3.4e+38 -3.4e+38 -3.4e+38 -3.4e+38 -3.4e+38 -3.4e+38 -3.4e+38 -3.4e+38 -3.4e+38 -3.4e+38 -3.4e+38 0 0 0 0 0 0 0 0 0 0 0 0 0 0 0 0 0 0 0 1.84621001153573e-07 0 0 1.52257992880322e-08 4.57150983734778e-09 5.92880011751618e-09 2.93237989446027e-09 2.74947993261776e-08 1.50019001665669e-08 1.24930004119506e-08 2.54779990882525e-07 2.01757006834669e-06 3.97235993432332e-07 9.37100992359774e-08 2.35996004960271e-08 1.32517996576098e-07 2.69671005526106e-07 2.47592993218859e-07 3.31812003651066e-07 1.32465004298865e-07 2.4635198769829e-07 3.36889996788159e-07 6.84488021818197e-09 1.39510003549503e-09 1.15385999366335e-10 3.41218997501613e-11 1.44494997564304e-11
-3.4e+38 -3.4e+38 -3.4e+38 -3.4e+38 -3.4e+38 -3.4e+38 -3.4e+38 -3.4e+38 -3.4e+38 -3.4e+38 -3.4e+38 -3.4e+38 -3.4e+38 -3.4e+38 0 0 0 0 0 0 0 0 0 0 0 0 0 0 0 0 0 0 0 0 2.17318008033374e-09 3.56632989806371e-09 5.41335012371746e-08 5.60166002472329e-09 3.29356009132198e-09 4.1340699752368e-09 9.22613008214057e-09 4.8072101854757e-09 3.60197986992716e-08 5.93507003543436e-08 2.55889993638903e-08 1.75381998701596e-07 3.37965985863775e-07 9.53496979150259e-08 6.34759018680597e-08 8.70030021360435e-08 5.80261989568953e-08 1.98291004949169e-07 2.14954994248728e-07 1.06511997444159e-07 1.37184002824142e-07 1.46104994769303e-07 2.0010099888168e-07 5.70525990895021e-08 4.29767013088167e-08 1.17201998106609e-10 3.91796005361211e-11 1.24103999646352e-11
-3.4e+38 -3.4e+38 -3.4e+38 -3.4e+38 -3.4e+38 -3.4e+38 -3.4e+38 -3.4e+38 -3.4e+38 -3.4e+38 -3.4e+38 -3.4e+38 -3.4e+38 -3.4e+38 0 0 0 0 0 0 0 0 0 0 0 0 0 0 0 0 0 0 0 1.517930030559e-07 3.03540992341311e-09 5.7766800232173e-09 6.35869001897049e-09 5.37013011836507e-09 2.81285994496727e-09 3.47421003077386e-09 6.68031008288494e-09 1.74582996947947e-08 4.59171012323623e-08 4.89633009692625e-08 1.09352997768042e-08 1.11310995976055e-08 8.88705983470572e-07 2.02785997771571e-07 1.08529000897306e-07 1.11897996646348e-07 1.56902004277981e-07 1.11293999793816e-07 1.24278997759575e-07 1.00107996559018e-07 1.47201006939213e-07 1.58622995627411e-07 6.37703010397672e-08 1.6124799273598e-08 6.21795992472585e-09 1.2831100071331e-10 9.11392003533074e-11 1.51734996095554e-11
-3.4e+38 -3.4e+38 -3.4e+38 -3.4e+38 -3.4e+38 -3.4e+38 -3.4e+38 -3.4e+38 -3.4e+38 -3.4e+38 -3.4e+38 -3.4e+38 -3.4e+38 -3.4e+38 0 0 0 0 0 0 0 0 0 0 0 0 0 0 0 0 0 0 8.31226998343482e-08 4.59918991779773e-09 6.82745993074718e-09 1.44883003372343e-08 9.26914989207717e-09 5.8867999364054e-09 4.40862990558344e-09 8.71766037136013e-09 9.76443992328768e-09 2.21881997219953e-08 1.51541001969235e-08 1.78078991552866e-08 2.29640004789644e-08 4.31950013535243e-08 6.82498978221702e-07 1.01453997558565e-06 1.51291004613086e-07 1.01640999616848e-07 1.19394002240369e-07 8.3627803348918e-08 6.82936018847613e-08 1.03048996891175e-07 6.99201976317454e-08 4.21947987661042e-08 3.13844985555534e-08 4.15649985541222e-08 6.58858994029288e-08 1.43699996346669e-10 1.29071003884818e-10 9.6818100411844e-12
-3.4e+38 -3.4e+38 -3.4e+38 -3.4e+38 -3.4e+38 -3.4e+38 -3.4e+38 -3.4e+38 -3.4e+38 -3.4e+38 -3.4e+38 -3.4e+38 -3.4e+38 0 0 0 0 0 0 0 0 0 0 0 0.000184493997949176 5.62692002858967e-06 1.72450995705731e-06 1.65707001542614e-06 1.79744995421061e-06 1.00565003435804e-07 1.33144993696988e-07 5.38756985690725e-08 2.15725002306044e-08 3.3919000941296e-08 3.79773013037266e-08 2.07547001807029e-09 1.20341003828628e-09 1.71313996322198e-09 1.15822995638837e-08 6.13123019022055e-09 1.02089003917172e-08 8.65123972459969e-09 1.37000997213477e-08 1.7516299521958e-08 6.70464999075193e-08 6.53836025321652e-07 1.50638004470238e-06 1.88653999089183e-07 4.38363997545821e-07 8.7187402186828e-08 1.05281998230566e-07 9.3559201275184e-08 6.1658901984174e-08 4.10706988418497e-08 3.43430990312754e-08 1.08230997497571e-08 2.44447995179087e-09 1.07015001304944e-08 2.91673996066777e-09 1.19236995277383e-10 3.66259994555307e-10 2.80173991645816e-11
-3.4e+38 -3.4e+38 -3.4e+38 -3.4e+38 -3.4e+38 -3.4e+38 -3.4e+38 -3.4e+38 -3.4e+38 -3.4e+38 -3.4e+38 -3.4e+38 0 0 0 0 0 0 0 0 0 0 0 0.000887657981365919 1.79430007847259e-05 2.22648009184923e-06 5.6925000535557e-06 1.95516008716368e-06 2.34707999879902e-06 6.83459973060963e-07 0 0 0 1.31098998323864e-08 1.06549002953926e-09 1.50749002170159e-09 3.34832994663969e-10 6.05623995397764e-10 1.63908997485862e-09 4.82007012081453e-09 4.77353001571146e-09 2.6680600839768e-08 7.58299023573272e-08 1.37135998556914e-07 3.0580198995267e-07 1.42050998874765e-06 1.5032800604331e-07 1.38481993872119e-07 1.5491699514314e-06 8.05320965469036e-08 1.50402996723642e-07 6.95559023711212e-08 7.15967019004893e-08 5.94710982682045e-08 2.48560994009495e-08 4.05812983217402e-09 1.48536996036341e-08 8.78150974159553e-09 9.55698986615516e-09 1.23602003632151e-10 3.72255004599253e-10 1.17646004049732e-10
-3.4e+38 -3.4e+38 -3.4e+38 -3.4e+38 -3.4e+38 -3.4e+38 -3.4e+38 -3.4e+38 -3.4e+38 -3.4e+38 0 0 0 0 0 0 0 0 0 0 0 0 0.00172676995862275 0 7.66895973356441e-05 5.41242989129387e-05 5.52869005332468e-06 3.36298990077921e-06 0 0 0 1.44818997682705e-07 1.46273004819619e-09 1.67249003535375e-09 1.00374999978392e-10 7.68582975041454e-10 9.1574398064509e-10 1.42135003766697e-09 1.06045003889221e-08 1.10450999457612e-08 4.8234500837907e-08 1.98983997279356e-07 4.69069988184856e-07 7.47452020277706e-07 2.65340008809289e-06 3.81749987354851e-06 1.9961800035162e-07 1.05695994534472e-06 1.39137000587652e-05 7.62716979352263e-07 8.87015005446301e-07 7.94999976960753e-08 1.32650001205548e-07 6.16745978732069e-08 6.12386017451172e-08 1.81155996870075e-08 3.0054099209309e-09 1.11997999763247e-09 9.91632997937586e-09 2.53263993110764e-10 2.20017004615158e-10 2.6011198750453e-10
-3.4e+38 -3.4e+38 -3.4e+38 -3.4e+38 -3.4e+38 -3.4e+38 -3.4e+38 -3.4e+38 -3.4e+38 -3.4e+38 0 0 0 0 0 0 0 0 0 0 0 0.00295099010691047 0.000908573972992599 0 0 0 0 0 0 6.25379001917281e-08 4.14862005859717e-10 2.4398599807185e-10 5.5866700154894e-11 3.18598009085846e-10 2.18775997318232e-10 5.68190994254536e-10 1.93884996946281e-09 3.49976003732877e-09 4.43777015135538e-09 1.67409996976176e-08 4.95886993689965e-08 9.19660010367807e-08 2.08279004709766e-07 1.15250998078409e-06 7.58840997150401e-07 6.71255975248641e-07 6.98841006396833e-07 3.41436998496647e-06 3.30617986037396e-05 4.9374699301552e-05 1.11681004000275e-06 6.70475017727767e-08 1.44509996857778e-07 9.31904011736151e-08 4.44956000933416e-08 2.41325999184028e-08 7.39908978530934e-09 1.56783996896337e-09 2.05329997449155e-09 5.39129019205831e-10 1.21182994194946e-10 5.80628989332865e-10
-3.4e+38 -3.4e+38 -3.4e+38 -3.4e+38 -3.4e+38 -3.4e+38 -3.4e+38 -3.4e+38 -3.4e+38 0 0 0 0 0 0 0 0 0 0 0 0.00669468985870481 0.00189390999730676 0 0 0 3.04513996525202e-05 0 0 3.05227990793355e-06 3.33271003682967e-07 9.08830966039886e-09 9.91117965476462e-10 1.08525999298337e-09 1.83532994357805e-10 3.80009995692987e-10 2.5970801065256e-09 3.97041999278258e-09 5.54386003770446e-09 1.96738998425872e-08 1.54430992438392e-08 1.93746991783428e-08 3.28087992329529e-08 7.25618974684039e-07 4.86306987568241e-07 6.56340989735327e-06 3.44164004673075e-06 1.10238997876877e-05 9.25964013731573e-06 2.2232799892663e-05 8.12408034107648e-05 2.38063989854709e-06 1.0518900239731e-07 7.84227012218253e-08 8.80843984418789e-08 4.17727008539259e-08 3.21103996725469e-08 3.42553008181312e-08 2.82167000875688e-09 1.54831003573719e-09 6.18637974181269e-10 7.03652025535462e-10 1.22220997211819e-10
-3.4e+38 -3.4e+38 -3.4e+38 -3.4e+38 -3.4e+38 -3.4e+38 -3.4e+38 -3.4e+38 0 0 0 0 0 0 0 0 0 0 0 0.00483497977256775 0.00250385003164411 0 0 0 1.23293002616265e-05 1.16259998321766e-05 0 0 0 9.36803985496226e-07 5.81267016741549e-08 4.60070985752736e-08 3.01900993093795e-09 4.49302012262009e-10 1.6027099647431e-09 2.31935004535444e-09 4.26192992009078e-09 9.58779011739352e-09 1.27885000367201e-08 2.28647998312681e-08 7.55894973281102e-08 3.37198002853256e-07 8.60285013004614e-07 4.66606991267327e-07 4.34749017586e-06 3.75802005692094e-06 2.04703997042088e-06 5.69599978916813e-06 2.37596996157663e-05 6.42371014691889e-05 7.2496000029787e-06 1.64729001994601e-07 4.55092994400275e-08 4.19640002746746e-08 4.08278992836131e-08 2.50525005185409e-08 1.19371996731843e-08 4.86337015104255e-09 3.25725002525701e-09 1.50330004000665e-09 5.64235991262763e-10 8.97079008299606e-11
-3.4e+38 -3.4e+38 -3.4e+38 -3.4e+38 -3.4e+38 -3.4e+38 -3.4e+38 0 0 0 0 0 0 0 0 0 0 0.0219701994210482 0.000564788992051035 6.56047996017151e-05 0.000179495997144841 0 0 0 0.000152695996803232 1.20290997074335e-05 3.90700006391853e-05 1.73147000168683e-05 1.2268899808987e-05 4.95398012390069e-07 1.65052000511423e-07 4.10804013029065e-08 1.1376499742255e-09 2.68079003440391e-09 3.69866004490405e-09 5.32086996685166e-09 1.13939000456753e-08 1.41246996321343e-08 5.43281011289309e-08 6.91669015395746e-08 3.27202997141285e-07 7.99740973889129e-07 4.10778000059508e-07 2.12572990676563e-06 1.27451005482726e-06 1.11898998511606e-05 1.71402996329562e-06 4.5249298636918e-06 8.55526013765484e-06 5.95257988607045e-05 1.54635999933816e-05 1.05034999364761e-07 4.1587398413867e-08 4.27654001100564e-08 3.41945991522152e-08 2.58420005394555e-08 2.38376003380836e-08 1.17220002593399e-08 4.22009982514737e-09 1.93078997234863e-09 4.56342991173031e-10 5.39204014771144e-10
-3.4e+38 -3.4e+38 -3.4e+38 -3.4e+38 -3.4e+38 -3.4e+38 0 0 0 0 0 0 0 0 0 0 0.0369502007961273 0.000832004006952047 6.37068005744368e-05 2.13916991924634e-05 0.00162047997582704 0 0 0 0.000408636988140643 0.000135972994030453 6.49071007501334e-05 3.16574005410075e-05 1.43659999594092e-05 1.06786001197179e-05 6.89708986101323e-06 4.96274985550826e-08 4.90586993251441e-09 6.25544993582139e-09 5.46013989577432e-09 8.19045009592401e-09 1.58148001361269e-08 9.77981997607458e-08 6.38956976217742e-08 1.02051998851493e-07 1.67455993960175e-07 6.80654977713857e-07 8.16935028069565e-07 1.23100005566812e-06 4.14492978961789e-06 2.06754993996583e-05 6.35203014098806e-06 3.98324999650868e-07 2.50108001864646e-07 1.32737995954813e-05 2.2955999156693e-05 1.78481002421904e-07 6.67399007170388e-08 5.4499299295685e-08 3.29905986973245e-08 2.75417004758083e-08 1.63572995148797e-08 1.17191998327826e-08 7.07736980132267e-09 2.94034996350945e-09 8.10353006919229e-10 3.36697003611164e-09
-3.4e+38 -3.4e+38 -3.4e+38 -3.4e+38 -3.4e+38 0 0 0 0 0 0 0 0 0 0 0.0993964001536369 0.019140500575304 0.0013555099721998 1.47032997119823e-05 0.000303311011521146 0.00834114011377096 0.00381032004952431 0 0 0 0 0.000212329992791638 0.000105920000351034 0 0 4.91497985422029e-06 1.69108000136475e-06 9.19532965326653e-08 4.090200036444e-07 4.35970015644216e-08 1.10477998305214e-07 9.57830010861471e-08 1.27169997199417e-07 1.22505994681887e-07 2.4562200451328e-07 3.74845001260837e-07 6.30624981567962e-07 1.26437998915208e-06 1.36080996071541e-06 6.96506003805553e-06 8.6575101931885e-07 6.2467599093452e-08 3.91322991788456e-08 4.7060400021337e-08 4.77341984606028e-07 3.35574004566297e-05 6.40031021248433e-06 1.45726994560391e-06 5.41920996965928e-08 2.98541991128332e-08 2.3787899650074e-08 1.55500003984343e-08 9.13377995459541e-09 6.21284002022549e-09 5.69617997214777e-09 1.21872001379586e-09 1.27918997616661e-09
-3.4e+38 -3.4e+38 -3.4e+38 -3.4e+38 0 0 0 0.759137988090515 0 0.735852003097534 0 0 0 0 0.275050014257431 0.0329953990876675 0.00171193003188819 0.00015206600073725 0.000196662003872916 0.00865271966904402 0.01683109998703 0 0 0 0 0 0 0 0 0 3.0213699574233e-05 5.01278009323869e-06 1.83258998731617e-05 0 3.81421000383853e-06 2.62787989413482e-06 2.80442009170656e-07 1.76306997445863e-07 1.93920001834158e-07 3.33744992531138e-07 1.53710999484247e-07 7.47744991258514e-07 4.63468012412704e-07 2.96084999718005e-06 6.58350018056808e-06 3.089849940352e-07 5.79572017045393e-08 6.1991798361305e-08 4.09560989567126e-08 8.15255987163255e-08 6.16876013737055e-06 2.84709003608441e-05 1.56903006427456e-05 7.0443498145778e-08 2.52772007769408e-08 1.95562002147653e-08 1.90830000690312e-08 1.18654002179142e-08 5.9450497857938e-09 5.20301002282508e-09 3.67236996368092e-09 7.30538018967053e-10
-3.4e+38 -3.4e+38 -3.4e+38 0 0 0.743355989456177 0.763823986053467 0.771215975284576 0 0 0 0 0 0.508345007896423 0.271171003580093 0.0872509032487869 0.000544494017958641 0.0011380499927327 0.00442727981135249 0.026018500328064 0 0 0 0 0 0 0 0 0 0 0 0 0 1.02414003322338e-06 8.66944986910312e-08 6.11021005170187e-06 6.65401032051705e-08 3.23413011926732e-08 1.90142003475557e-07 4.90030004129949e-07 8.44708978320341e-08 5.88376991572659e-08 6.58353016547153e-08 2.22694006879465e-06 7.37612981538405e-06 5.68991993077361e-07 9.3230300990399e-07 5.9777001126804e-08 4.62741986950732e-08 4.98786008051866e-08 6.11787982052192e-07 1.15042003017152e-05 5.19833020007354e-06 2.64471992750259e-07 2.358279971304e-08 2.21392006949372e-08 1.89995006394383e-08 1.67345000079422e-08 6.2977401071862e-09 3.82018994216082e-09 3.24529003670193e-09 1.02664998724578e-09
-3.4e+38 -3.4e+38 -3.4e+38 0 0 0.762678027153015 0.774209022521973 0 0 0 0.726415991783142 0.677883982658386 0.556020975112915 0.43911799788475 0.171819999814034 0.00620283000171185 0.0101634003221989 0.0531589984893799 0.100634999573231 0.0555240996181965 0 0 0 0 0 0 0 0 0 0 0 0 0 4.68059006379917e-05 9.59924000198953e-06 5.65185985124117e-07 4.79086992299926e-08 1.91915994207648e-08 1.36972005293501e-07 5.22855998497107e-07 1.64232005772647e-07 1.26876997796899e-08 9.23088023796481e-08 3.21868992614327e-06 3.85203009045654e-07 7.74665025460308e-08 4.65562015961041e-06 1.94662993635575e-06 1.95918005374551e-06 5.68870994754889e-08 6.07629999649362e-08 1.94941003428539e-06 3.41141003445955e-06 1.11787997525425e-07 2.11288995188852e-08 2.03549994637342e-08 1.39085996053723e-08 1.11618998488439e-08 9.04909036592016e-09 6.30363006237644e-09 2.62994004351924e-09 1.21860999069412e-09
-3.4e+38 -3.4e+38 -3.4e+38 0 0 0 0 0 0 0 0 0 0.60276198387146 0.46263200044632 0.079339899122715 0.0121438996866345 0.0550932995975018 0.0868636965751648 0.101981997489929 0 0 0 0 0 0 0 0 0 0 0 0 0 0.000305052992189303 0 0 4.600680040312e-05 1.78756999957841e-06 1.52979998802039e-06 2.5118699795712e-06 4.63942996020705e-07 2.10307007364463e-08 2.81706000748727e-08 9.63304955803324e-07 2.50099986942587e-07 2.40044002453033e-08 1.14226999414768e-07 7.5440098044055e-06 1.28560996017768e-05 3.57898011316138e-06 7.7659002784003e-08 3.81065987653528e-08 3.96175003913868e-08 1.42045996653906e-06 8.70510987738271e-08 2.09542996287837e-08 2.07190993251061e-08 1.27795996007762e-08 9.09620023747948e-09 7.05203984097125e-09 4.49210979525105e-09 6.06193983898606e-09 2.26028995520267e-09
-3.4e+38 -3.4e+38 -3.4e+38 0 0 0 0 0 0 0 0 0 0.602800011634827 0.456270009279251 0.133374005556107 0.107272997498512 0.178771004080772 0.212813004851341 0.215802997350693 0 0 0 0 0 0 0 0 0 0 0 0 0 0.000221797003177926 0.000219042005483061 0 0 0 5.51422999706119e-05 9.44840030570049e-06 3.08032008433656e-06 4.5507800194855e-08 3.11772993200066e-07 3.84567010769388e-06 1.68814995049615e-06 2.4537598619645e-07 1.30121998154209e-06 9.97343977360288e-06 9.31996964936843e-06 7.00023019817309e-06 8.34860003351423e-08 4.22088994866954e-08 2.95377997616697e-08 7.35496996639995e-08 6.30992005312692e-08 1.91268991756033e-08 2.00589003185314e-08 1.57381006005153e-08 9.47887990321306e-09 6.27125995578126e-09 4.97943997146422e-09 4.99185981439609e-09 2.46294007411052e-09
