inst/fut/Phytotoma_raimondii_cc85.asc
NCOLS 176 
NROWS 395 
XLLCORNER -81.417297363 
YLLCORNER -15.263731089 
CELLSIZE 0.0416666666647727 
NODATA_value -3.4e+38 
[rows 135 to 161 of 395, columns 0 to 60 of 176]
-3.4e+38 -3.4e+38 0 0 0.498499989509583 0.507434010505676 0.541092991828918 0.539489984512329 0.570479989051819 0.575291991233826 0.579312980175018 0.499565005302429 0.4566830098629 0.313614994287491 0.322632014751434 0.342444986104965 0.336376994848251 0.380562007427216 0.397035986185074 0 0 0 0 0 0 0 0 0 0 0 0 0 0.00220451992936432 0.00821392983198166 0 0 0.000888790003955364 0.000757611996959895 1.27427001643809e-05 9.36153014663432e-07 7.27271981304511e-07 5.54789994566818e-06 1.3638199561683e-05 1.21921002573799e-05 1.1805899475803e-06 1.42459998642153e-06 9.87830026133452e-06 8.42918962007388e-06 3.62347009286168e-06 4.38804015345795e-08 4.86834004220782e-08 2.91829991283521e-08 2.3248100333717e-08 1.88159994252146e-08 1.21571002154042e-08 1.04113002663553e-08 1.49663001991485e-08 4.82760009745675e-09 3.39971006901862e-09 2.63178989712287e-09 4.12833012219949e-09
-3.4e+38 -3.4e+38 0 0 0 0.533824026584625 0.539864003658295 0.558017015457153 0.575520992279053 0.564944982528687 0.574371993541718 0.559490025043488 0.446685999631882 0.346257001161575 0.315243005752563 0.391543000936508 0.397673010826111 0.40719598531723 0 0 0 0 0 0 0 0 0 0 0 0 0 0 0 0.00153922999743372 0.0201654992997646 0.00838031992316246 0.00112509005703032 0.000367881992133334 0.000216842992813326 3.06857982650399e-05 2.48734995693667e-05 4.0514701140637e-06 9.93784055935976e-07 1.56926998897688e-05 9.88903957477305e-06 2.07826997211669e-06 9.21891023608623e-06 7.65062031859998e-06 1.03106003734865e-06 5.13904012677813e-08 4.63750993162648e-08 3.78060995842588e-08 2.55807997007196e-08 2.12169002367091e-08 1.31264004110676e-08 2.92387003497652e-08 3.14823012104171e-08 5.78417003183063e-09 8.91328966190486e-09 2.27896990168119e-09 2.0389199217874e-09
-3.4e+38 -3.4e+38 0 0 0 0.550688028335571 0.562183976173401 0.566910982131958 0.554072976112366 0.482066988945007 0.496912986040115 0.498827993869781 0.47367799282074 0.367597013711929 0.3802590072155 0.427978008985519 0.424607008695602 0.435440987348557 0 0 0 0 0 0 0 0 0 0 0 0 0 0 0 0.0439158007502556 0 0.00102266995236278 7.84244984970428e-05 9.37914956011809e-06 9.47256994550116e-05 8.38606956676813e-06 4.08701993137583e-07 3.29124986819807e-07 5.57230009690102e-07 9.79750984697603e-06 1.43427996590617e-05 9.14116026251577e-06 7.08531979398686e-06 1.73311002527043e-06 3.3391899023627e-07 4.63728007105146e-08 4.58996005647805e-08 2.69774993455485e-08 2.25616005877782e-08 2.12298996160598e-08 2.58955008547446e-08 3.74674016256904e-08 5.88464992290483e-08 3.83540985637865e-08 7.96875010422582e-09 2.39907005372686e-09 2.67495003924978e-09
-3.4e+38 -3.4e+38 0 0.550724029541016 0.533429980278015 0.554269015789032 0.555212020874023 0.537247002124786 0.510146975517273 0.444622009992599 0.351536989212036 0.296965003013611 0.350322991609573 0.376165986061096 0.447144001722336 0.454459995031357 0.446639001369476 0 0 0 0 0 0 0 0 0 0 0 0 0 0.10631500184536 0.0789116993546486 0.0720681995153427 0.00136184005532414 0.00204073009081185 0.00368164991959929 0.000164308003149927 1.99123996935668e-06 2.8343400117592e-05 1.56512996909441e-05 9.17959027901816e-07 1.18442997631973e-07 3.84823010790569e-07 4.03346007260552e-07 7.2790198828443e-06 1.98320003619301e-06 3.06342008116189e-06 4.34246004488159e-07 1.07662998516389e-07 5.53236993994233e-08 4.74697010588443e-08 4.14460998854338e-08 3.628009892509e-08 2.14837996281858e-08 9.3315101423741e-08 1.55921995315111e-07 5.9440299793323e-08 2.8946299579502e-08 5.36891997526823e-09 4.48013004472614e-09 4.03843003482507e-09
-3.4e+38 -3.4e+38 0 0.532688021659851 0.546302974224091 0.557950973510742 0.546900987625122 0.517885029315948 0.477055013179779 0.401607990264893 0.372269004583359 0.278641998767853 0.221922993659973 0.341107994318008 0.443280011415482 0 0 0 0 0 0 0 0 0 0 0 0 0 0 0.162559002637863 0.00546691985800862 0 0 0.0330265015363693 0.00715932995080948 0.00505708018317819 1.82945004780777e-05 1.2900700312457e-06 5.16147019880009e-06 5.13081999997667e-07 3.60510000518843e-07 1.77320998773212e-07 5.9666700735761e-07 2.60994011114235e-06 2.87628995465639e-06 1.75360000298497e-07 1.12896998416545e-06 6.96426980084652e-07 8.46674979015916e-08 6.62531007833422e-08 5.60503998769946e-08 2.80323995127674e-08 9.20477987165214e-08 4.29647997179927e-07 2.18400998619472e-07 9.94139028875907e-08 4.05525000246598e-08 2.68276991732819e-08 2.11868993460484e-08 9.97038007710671e-09 3.8861300843962e-09
-3.4e+38 -3.4e+38 0.532814025878906 0.538441002368927 0.551056027412415 0.563244998455048 0.536527991294861 0.512835025787354 0.42144501209259 0.374363988637924 0.338198989629745 0.323157995939255 0.384093999862671 0.448085993528366 0 0 0 0 0 0 0 0 0 0 0 0 0 0 0 0 0.0318025983870029 0.0571313984692097 0.0323124006390572 0.00460329977795482 0.00631549023091793 0.00169669999741018 0.00157238997053355 0.000107475003460422 7.66212997405091e-06 3.55984013822308e-07 2.66224986944508e-07 5.26761027686007e-07 1.26299005387409e-06 6.57767998291092e-07 1.25480994483951e-07 7.33082998749524e-08 1.27091993817885e-07 5.18884988309765e-08 6.95320991894732e-08 7.32633012034967e-08 4.63066989198069e-08 4.29830002701692e-08 8.90690969868047e-08 3.10221004440336e-08 1.4505900480799e-07 7.27362987618108e-08 6.65219985762633e-08 4.48694983390396e-08 1.64012003978087e-08 9.52367962270273e-09 4.11321021687172e-09
-3.4e+38 -3.4e+38 0.55146598815918 0.545360028743744 0 0.571348011493683 0.535960972309113 0.507255017757416 0.453260004520416 0.410427004098892 0.399511992931366 0.397565007209778 0.421570986509323 0.47241199016571 0 0 0 0 0 0 0 0 0 0 0 0 0 0 0 0 0 0.110638998448849 0.0378040000796318 0.000129856998682953 4.89982994622551e-05 2.25350995606277e-05 0.000137262002681382 0.000113674002932385 3.27551992995723e-06 6.12964981883124e-07 8.70466010383097e-07 5.18950992045575e-06 3.66663994100236e-06 4.90283014187298e-07 1.06129000698729e-07 1.02454002615104e-07 1.18363999490612e-07 8.23588024445598e-08 9.01238976780405e-08 8.31048012628344e-08 4.19844994326013e-08 3.26248006388141e-08 2.55783003666465e-08 4.833970024265e-08 2.82411008356576e-07 8.78531025705342e-08 6.99995013064836e-08 3.79754006019084e-08 1.30000996634294e-08 4.21509982473367e-09 3.13230996695779e-09
-3.4e+38 -3.4e+38 -3.4e+38 0 0 0 0 0.514793992042542 0.488929986953735 0.468115985393524 0.46077099442482 0.447820007801056 0.470656991004944 0 0 0 0 0 0 0 0 0 0 0 0 0 0 0 0 0 0 0.113581001758575 0.052469901740551 0.00102567998692393 5.03933988511562e-05 4.83577014165348e-06 2.26122006097285e-06 5.56554987269919e-05 2.7667299946188e-05 9.51751007960411e-06 2.09126992558595e-05 7.47663989386638e-06 9.019239769259e-06 7.70636972902139e-07 3.75884013692485e-07 1.13839000448479e-07 1.6036300110045e-07 8.75485000051412e-08 7.84489984084757e-08 7.68616033042235e-08 5.47718990162593e-08 3.99301995912538e-08 2.64028994223509e-08 1.67248003890563e-07 3.0652699933853e-07 8.67807017357336e-08 1.47386998605725e-07 2.30536993939268e-08 7.14365988585541e-09 5.82336001642147e-09 2.46566989048347e-09
-3.4e+38 -3.4e+38 -3.4e+38 -3.4e+38 0 0 0 0 0 0 0 0 0 0 0 0 0 0 0 0 0 0 0 0 0 0 0 0 0 0 0 0.00868729967623949 0.00206288998015225 0.0012160399928689 2.57175997830927e-05 4.47043021267746e-06 2.03930994757684e-06 5.92134983889991e-06 1.46080001286464e-05 3.9452101191273e-05 1.18984999062377e-05 2.50514995059348e-06 1.62305002504581e-06 2.89819990939577e-06 2.02570004148583e-06 1.90915002917791e-07 1.41146003329595e-07 9.47393985484268e-08 1.31899000166413e-07 6.92036010718766e-08 3.80571982816491e-08 4.33979998604173e-08 4.58712996476152e-08 4.60456988093938e-07 5.23958988196682e-07 1.65591998779746e-07 1.35991996330631e-07 7.86892968562825e-08 8.3823401553218e-09 3.76132991419809e-09 2.90640000955023e-09
-3.4e+38 -3.4e+38 -3.4e+38 -3.4e+38 -3.4e+38 0 0 0 0 0 0 0 0 0 0 0 0 0 0 0 0 0 0 0 0 0 0 0 0 0 0 0.0450677983462811 0.000974392984062433 0.000327409012243152 3.01860000035958e-05 2.07024004339473e-06 1.3537500080929e-06 1.11537997327105e-06 3.84732993552461e-06 5.45466991752619e-06 2.02786995942006e-05 1.62278993229847e-05 9.82551955530653e-06 9.44613020692486e-06 4.0027598515735e-06 2.42227997659938e-07 7.8586403162717e-08 1.37924004661727e-07 1.29715004959507e-07 8.03548019234768e-08 1.15635998554353e-07 2.32342998174317e-07 4.89379999635275e-07 8.1316500200046e-07 4.24526007236636e-07 1.97103005916688e-07 1.47375999404176e-07 7.05420006852364e-08 3.9355601444413e-08 6.74297995217898e-09 3.32067995323371e-09
-3.4e+38 -3.4e+38 -3.4e+38 -3.4e+38 -3.4e+38 -3.4e+38 0 0 0 0 0 0 0 0 0 0 0 0 0 0 0 0 0 0 0 0 0 0 0 0 0.239490002393723 0.00716511998325586 0.000318928010528907 2.49444001383381e-05 5.79551988266758e-06 1.63697995958501e-06 1.69162001384393e-06 1.4037899518371e-06 1.40319002639444e-06 5.12620999870705e-06 1.4842499695078e-05 9.19979993341258e-06 3.15225006488618e-05 1.61805000971071e-05 9.50412959355162e-06 6.82443987898296e-06 4.67160987227544e-07 1.17288003309568e-07 1.32001005681559e-07 6.8338998460149e-08 4.50476989044546e-08 1.10207999171053e-07 1.59809997057891e-06 1.33975004246167e-06 8.10351991731295e-07 2.89132003672421e-07 2.74099988928356e-07 1.5792299734585e-07 8.00131019218497e-08 9.76543024222565e-09 4.82057016526483e-09
-3.4e+38 -3.4e+38 -3.4e+38 -3.4e+38 -3.4e+38 -3.4e+38 0 0 0 0 0 0 0 0 0 0 0 0 0 0 0 0 0 0 0 0 0 0 0 0 0 0.11948300153017 0.0124826999381185 5.57595012651291e-05 2.19531993934652e-05 5.86527994528296e-06 1.8264499885845e-06 1.62729998010036e-06 1.40676002047257e-06 1.20300001071882e-06 1.12201996671502e-05 1.19656997412676e-05 1.67483995028306e-05 1.98996003746288e-05 1.06656998468679e-05 1.6194400132008e-06 4.50751002745164e-07 1.39123002895758e-07 1.1938999477934e-07 5.35379989230478e-08 2.86751998146428e-07 3.45564004078369e-08 5.38455999787857e-08 7.18223986950761e-07 7.33830006538483e-07 3.9582599242749e-07 2.69660006324557e-07 1.73876003373152e-07 1.13871998053128e-07 3.99425985619928e-08 7.37400984718306e-09
-3.4e+38 -3.4e+38 -3.4e+38 -3.4e+38 -3.4e+38 -3.4e+38 -3.4e+38 0 0 0 0 0 0 0 0 0 0 0 0 0 0 0 0 0 0 0 0 0 0 0 0 0.168368995189667 0.00146485003642738 0.000377705990104005 0.000183452997589484 1.09513002826134e-05 2.19597995965159e-06 2.02214005184942e-06 1.86131001100875e-06 1.64610003139387e-06 9.92667992250063e-06 1.38875002448913e-05 1.68436999956612e-05 2.02732007892337e-05 2.13691000681138e-05 9.5114899067994e-07 2.05033003908284e-07 2.021910034955e-07 1.10225997218549e-07 2.2898200313648e-07 1.87502996595867e-06 4.93201014251099e-07 1.8914099655376e-06 1.3272999694891e-06 1.04317996374448e-06 5.26626024566212e-07 3.26421996987847e-07 2.72138009904666e-07 1.46464003591973e-07 1.97976000038125e-08 5.90214010998125e-09
-3.4e+38 -3.4e+38 -3.4e+38 -3.4e+38 -3.4e+38 -3.4e+38 -3.4e+38 0 0 0 0 0 0 0 0 0 0 0 0 0 0 0 0 0 0 0 0 0 0 0 0 0 0.0441376008093357 0.00353844999335706 0.000177199006429873 3.34735996148083e-05 5.71999999010586e-06 2.5735801045812e-06 1.6767399984019e-06 1.43013005526882e-06 3.31029991684773e-06 9.84836970019387e-06 5.15383999299956e-06 5.67154984310037e-06 3.20912999995926e-06 6.53049028187525e-07 1.97481995201088e-07 1.84365006816734e-07 1.25488000435325e-07 6.44268027372163e-07 6.85409986544983e-06 1.28222995954275e-06 3.17101989821822e-06 1.90979994840745e-06 1.37556003210193e-06 8.68794018060726e-07 4.7751001375218e-07 3.05015987578372e-07 1.76195996459683e-07 6.77597000731112e-08 1.39424995992954e-08
-3.4e+38 -3.4e+38 -3.4e+38 -3.4e+38 -3.4e+38 -3.4e+38 -3.4e+38 -3.4e+38 0 0 0 0 0 0 0 0 0 0 0 0 0 0 0 0 0 0 0 0 0 0 0 0 0.181884005665779 0.00692518008872867 0.00480525009334087 9.22550025279634e-05 1.7114700312959e-05 1.89651000255253e-05 4.97162000101525e-06 2.68850999418646e-06 2.15636009670561e-06 3.64589004675508e-06 1.4708499520566e-06 1.10141002096498e-06 4.28768004212543e-07 3.89755001606318e-07 1.75310006511609e-07 2.22793005377753e-07 1.69735997701537e-07 2.028120036357e-07 1.09018003513484e-06 5.14903994996985e-08 1.83967998168555e-07 3.86446004085883e-07 2.42086002799624e-06 1.33365995225176e-06 6.92692026404984e-07 3.62483007165793e-07 2.70447998218515e-07 1.63945003350818e-07 6.47763016559111e-08
-3.4e+38 -3.4e+38 -3.4e+38 -3.4e+38 -3.4e+38 0 0 0 0 0 0 0 0 0 0 0 0 0 0 0 0 0 0 0 0 0 0 0 0 0 0 0 0 0.114744998514652 0.0206658001989126 0.00020892200700473 0.00021651599672623 6.53247989248484e-05 2.01935999939451e-05 2.03454001166392e-05 1.63706999956048e-06 1.00237002698123e-06 1.28449005387665e-06 7.63672971970664e-07 8.1634999560265e-07 4.59442986766589e-07 1.4041799545339e-07 2.20304997355925e-07 1.75058005424944e-07 2.68707992745476e-07 3.65646997124713e-07 6.33059968890848e-08 4.06747986403388e-08 2.00452006993146e-07 3.09490997096873e-06 1.79418998413894e-06 1.04361004105158e-06 6.50270976620959e-07 3.41228002298521e-07 1.96521000361827e-07 1.04733999251039e-07
-3.4e+38 -3.4e+38 -3.4e+38 -3.4e+38 -3.4e+38 0 0 0 0 0 0 0 0 0 0 0 0 0 0 0 0 0 0 0 0 0 0 0 0 0 0 0 0 0 0 0.00668552005663514 0.0031050699763 0.000200155001948588 0.000209623001865111 1.12190000436385e-05 9.23246989259496e-06 1.48281003475859e-06 1.3001199477003e-06 8.60521026879724e-07 7.21518972568447e-07 2.68756991772534e-07 2.06367005262109e-07 2.19556000047305e-07 1.83009007059809e-07 1.28286998801741e-07 7.33317975232239e-08 8.93263987222781e-08 4.46840004997284e-07 2.99253997582127e-06 4.19374009652529e-06 2.49160007115279e-06 1.33196999740903e-06 8.69767006861366e-07 5.56723989575403e-07 2.48772010991161e-07 1.3663300535427e-07
-3.4e+38 -3.4e+38 -3.4e+38 -3.4e+38 -3.4e+38 0 0 0 0 0 0 0 0 0 0 0 0 0 0 0 0 0 0 0 0 0 0 0 0 0 0 0 0 0 0 0 0.0405245013535023 0.00547445006668568 0.000329792004777119 0.000177199995960109 0.000101951001852285 4.32673987234011e-05 9.02238025446422e-06 7.08502011548262e-06 6.33432989616267e-07 4.64528000065911e-07 2.86658007553342e-07 2.33647000413839e-07 1.65222999726211e-07 1.04488997010321e-07 6.71098021598482e-08 5.9488900916449e-08 4.09152001168422e-08 2.82201995105424e-07 2.70774989985512e-06 1.62512003498705e-06 1.38236998736829e-06 1.00262002433738e-06 8.87884027633845e-07 3.91571006730373e-07 2.61542993484909e-07
-3.4e+38 -3.4e+38 -3.4e+38 -3.4e+38 0 0 0.48300901055336 0 0 0 0 0 0 0 0 0 0 0 0 0 0 0 0 0 0 0 0 0 0 0 0 0 0 0 0 0 0 0.114371001720428 0.0207103006541729 0.00674543995410204 0.000898974016308784 0.000786653021350503 0.000230803998420015 3.85540988645516e-05 6.66060998355533e-07 5.38526990112587e-07 5.11192979502084e-07 7.24309984434512e-07 1.56246002802618e-07 1.12229997739632e-07 8.19678973584814e-08 6.20244975380047e-08 4.42712995152306e-08 1.71321005382197e-07 6.615069878535e-07 7.59703027597425e-07 7.23809023384092e-07 7.4761697987924e-07 1.04529999589431e-06 7.19628985734744e-07 3.51452996483204e-07
-3.4e+38 -3.4e+38 -3.4e+38 -3.4e+38 -3.4e+38 0 0.486719995737076 0.496746003627777 0 0.518262028694153 0.557092010974884 0 0 0 0 0 0 0 0 0 0 0 0 0 0 0 0 0 0 0 0 0 0 0 0 0 0 0 0.027097299695015 0.0513637997210026 0.0157178994268179 0.00974122993648052 0.00153365998994559 4.22236989834346e-05 6.01983003889472e-07 4.71369986598802e-07 1.7804600247473e-06 9.13446001504781e-06 1.36910998094208e-07 1.30019003563575e-07 7.13286993914153e-08 5.02957995252018e-08 6.31817016483183e-08 9.47634006820408e-08 1.8507499532916e-07 1.96401998664442e-07 2.79923995094578e-07 2.22821995521372e-07 5.27800011695945e-07 3.67801987977145e-07 5.5068699111871e-07
-3.4e+38 -3.4e+38 -3.4e+38 -3.4e+38 -3.4e+38 -3.4e+38 0 0 0 0.530516982078552 0 0 0 0 0 0 0 0 0 0 0 0 0 0 0 0 0 0 0 0 0 0 0 0 0 0 0.0896596983075142 0.0353301987051964 0.148928999900818 0 0 0.0485430993139744 0.00153898994904011 7.64318974688649e-05 5.08564028223191e-07 4.43599986965637e-07 4.30477001600593e-07 0.00010061699867947 3.94863008068569e-07 1.10786999130141e-07 2.41751990870398e-07 6.11665029737196e-08 1.85529998475431e-07 3.45984994964965e-06 2.50028006121283e-06 1.86098006338398e-07 5.73453995400541e-08 4.51069013251981e-08 1.40482995902858e-07 2.84583990151077e-07 2.93605012302578e-07
-3.4e+38 -3.4e+38 -3.4e+38 -3.4e+38 -3.4e+38 -3.4e+38 -3.4e+38 0 0 0 0 0 0 0 0 0 0 0 0 0 0 0 0 0 0 0 0 0 0 0 0 0 0 0 0 0 0 0 0 0 0 0.0241059996187687 0.00138658005744219 6.24367021373473e-05 3.88891010061343e-07 3.50412989291726e-07 2.678659996036e-07 3.14415992761496e-05 1.09213999621716e-06 1.01048996725694e-07 3.43299006999587e-07 3.07141999655869e-06 6.87374995322898e-06 2.8910599212395e-06 1.1603799976001e-05 4.21858021582011e-06 1.17989003456387e-07 1.9436500053871e-07 1.16593000143439e-07 4.79923016882822e-07 2.99238990919548e-07
-3.4e+38 -3.4e+38 -3.4e+38 -3.4e+38 -3.4e+38 -3.4e+38 -3.4e+38 -3.4e+38 0 0 0 0 0 0 0 0 0 0 0 0 0 0 0 0 0 0 0 0 0 0 0 0 0 0 0 0 0 0 0 0.0525247007608414 0 0.0255220998078585 0.000724378973245621 0.000431566004408523 5.29438011653838e-06 4.3080200384793e-07 2.84184011434263e-07 9.39027995627839e-06 1.11668996396475e-05 3.57738997536217e-07 9.97677034320077e-08 5.96120003137912e-07 1.73783996615384e-06 3.42501010663909e-07 1.82407995907852e-06 1.28230003610952e-05 8.14163001905399e-07 1.16093997348798e-06 1.17191000015282e-07 4.14357998579362e-07 1.41613998039247e-06
-3.4e+38 -3.4e+38 -3.4e+38 -3.4e+38 -3.4e+38 -3.4e+38 -3.4e+38 -3.4e+38 -3.4e+38 0 0 0 0 0 0 0 0 0 0 0 0 0 0 0 0 0 0 0 0 0 0 0 0 0 0 0 0 0.140946000814438 0 0 0.134233996272087 0.0360588990151882 0.00755944987758994 0.000900437007658184 1.31043998408131e-05 4.11765000762898e-07 6.60273008179502e-06 4.55799017800018e-05 2.11728001886513e-05 3.1042401360537e-07 8.02124020538031e-08 5.59557975066127e-07 1.73174001361076e-07 3.05399998978828e-06 6.34202979199472e-06 8.56123006087728e-06 2.03225999939605e-06 3.08864991893643e-06 5.40321991593373e-07 1.35001997136897e-07 6.96299025548797e-07
-3.4e+38 -3.4e+38 -3.4e+38 -3.4e+38 -3.4e+38 -3.4e+38 -3.4e+38 -3.4e+38 -3.4e+38 -3.4e+38 0 0 0 0 0 0 0 0 0 0 0 0 0 0 0 0 0 0 0 0 0 0 0 0 0 0 0 0.164336994290352 0.0558996982872486 0 0 0.143720000982285 0.0149092003703117 0.00126380997244269 3.72881004295778e-05 9.73470037024526e-07 1.36722997012839e-06 4.6528901293641e-05 1.00155002655811e-05 5.42726979801955e-07 9.15102020826453e-08 1.13097001985807e-07 1.40639002665921e-07 1.33859998641128e-06 1.04667003597569e-06 6.45769978291355e-06 1.48845001604059e-05 1.22741002996918e-05 5.26500980413402e-06 1.10807002329238e-06 2.26800989366893e-06
-3.4e+38 -3.4e+38 -3.4e+38 -3.4e+38 -3.4e+38 -3.4e+38 -3.4e+38 -3.4e+38 -3.4e+38 -3.4e+38 -3.4e+38 0 0 0 0 0 0 0 0 0 0 0 0 0 0 0 0 0 0 0 0 0 0 0 0 0.240324005484581 0.137954995036125 0.249151006340981 0.0437281988561153 0 0 0.0340044982731342 0.00197477010078728 0.0010368600487709 0.000559228996280581 0.000230785997700877 4.82775021737325e-07 1.64004995895084e-06 7.39027964300476e-05 8.91093986865599e-06 8.81727970636348e-08 4.80670010460926e-08 5.47812994966534e-08 6.30179997074265e-08 1.53281996517762e-06 1.16110995804775e-05 5.43771011507488e-06 3.84441000278457e-06 1.2503700418165e-05 7.47241983845015e-06 7.79393030825304e-06
-3.4e+38 -3.4e+38 -3.4e+38 -3.4e+38 -3.4e+38 -3.4e+38 -3.4e+38 -3.4e+38 -3.4e+38 -3.4e+38 -3.4e+38 -3.4e+38 0 0 0 0 0 0 0 0 0 0 0 0 0 0 0 0 0 0 0 0 0 0 0 0.174726992845535 0.258848994970322 0.0390832982957363 0.0868662968277931 0.0691554024815559 0.102655000984669 0.13510699570179 0.0207348000258207 0.00816056039184332 0.00143984996248037 0.000101653997262474 3.81826993134382e-07 4.62716997162715e-07 8.80867009982467e-05 7.78701007675409e-07 1.15318997018221e-07 3.43611006314859e-08 3.70352992717926e-08 5.26643013643024e-08 2.00155000129598e-07 4.5736901483906e-06 2.49735990109912e-07 3.76677007807302e-06 2.63892002294597e-06 7.11764982952445e-07 2.329860080863e-06
