inst/fut/Phytotoma_raimondii_mc85.asc
NCOLS 176 
NROWS 395 
XLLCORNER -81.417297363 
YLLCORNER -15.263731089 
CELLSIZE 0.0416666666647727 
NODATA_value -3.4e+38 
[rows 135 to 161 of 395, columns 0 to 60 of 176]
-3.4e+38 -3.4e+38 0 0 0.716039001941681 0.726574003696442 0.731248021125793 0.730069994926453 0.74245697259903 0.749182999134064 0.735687017440796 0.661776006221771 0.593622982501984 0.385235995054245 0.393465012311935 0.41745400428772 0.406837999820709 0.46296900510788 0.47290700674057 0 0 0 0 0 0 0 0 0 0 0 0 0 0.00234007998369634 0.00967545993626118 0.0290307998657227 0.0150258997455239 0.00090465898392722 0.000772273982875049 1.1731200174836e-05 4.83957990127237e-07 3.23498994703186e-07 4.20565993408673e-06 1.01265995908761e-05 8.36627987155225e-06 5.72521003050497e-07 7.51196012060973e-07 5.97754979025922e-06 4.94375990456319e-06 2.01152010959049e-06 1.36551996376966e-08 1.4940699344379e-08 7.79669040440467e-09 6.91566004462629e-09 5.34007016383953e-09 3.23203996899224e-09 2.79609002618031e-09 3.58504004260851e-09 1.05224995383679e-09 6.90824009108582e-10 5.37468014538689e-10 6.71195987678175e-10
-3.4e+38 -3.4e+38 0 0 0 0 0.738083004951477 0.7481290102005 0.750876009464264 0.746308982372284 0.737820029258728 0.720951020717621 0.58516800403595 0.452987998723984 0.394616991281509 0.492931008338928 0.495972007513046 0.514492988586426 0 0 0 0 0 0 0 0 0 0 0 0 0 0 0.0492152012884617 0.00159686000552028 0.0253152996301651 0.0101020000874996 0.00117778999265283 0.000359194003976882 0.000227726995944977 2.98348004434956e-05 2.2533500668942e-05 2.80942003882956e-06 4.5673300519411e-07 1.14144995677634e-05 7.06413993611932e-06 1.17259003218351e-06 5.73533998249331e-06 4.42539021605626e-06 4.94457026434247e-07 1.60924003012042e-08 1.68142992862386e-08 1.25720998056522e-08 8.18289969117814e-09 7.58431983882701e-09 3.55953000408249e-09 7.92863996679216e-09 7.65720997719654e-09 1.21191001678511e-09 1.91446991593125e-09 4.4307399416077e-10 3.79711012632455e-10
-3.4e+38 -3.4e+38 0 0 0 0 0 0.760900020599365 0.743230998516083 0.677715003490448 0.671485006809235 0.684845983982086 0.634530007839203 0.509413003921509 0.499267011880875 0.565352022647858 0.560061991214752 0.567802011966705 0 0 0 0 0 0 0 0 0 0 0 0 0 0.101668000221252 0 0.0538230985403061 0.0527697987854481 0.00098497502040118 6.82893005432561e-05 6.54934001431684e-06 8.23730006231926e-05 5.81352014705772e-06 1.44660006640152e-07 1.17981002745182e-07 2.15214001286768e-07 7.07078015693696e-06 9.9750395747833e-06 5.85667021368863e-06 4.31758007835015e-06 8.90649005214073e-07 1.26996994254114e-07 1.427059981296e-08 1.60663997661459e-08 6.70681021830433e-09 7.11411018983199e-09 6.87473011851125e-09 7.1075598739867e-09 1.01304999944318e-08 1.35951001567491e-08 8.06882027859501e-09 1.58852997422798e-09 4.72885008928614e-10 4.78585004959342e-10
-3.4e+38 -3.4e+38 0 0.78157502412796 0.760811984539032 0.769245982170105 0.75135600566864 0.741249024868011 0.712224006652832 0.64513498544693 0.499170988798141 0.406679004430771 0.474218010902405 0.54864901304245 0.612917006015778 0.617792010307312 0.601267993450165 0 0 0 0 0 0 0 0 0 0 0 0 0 0.133339002728462 0.0948496013879776 0.0862239971756935 0.00136163004208356 0.00208185007795691 0.0039254198782146 0.000150002000737004 9.44073008213309e-07 2.20172005356289e-05 1.14752001536544e-05 4.10202005696192e-07 3.07558991607948e-08 1.3957499334083e-07 1.52640993178466e-07 4.5729198063782e-06 9.68651988841884e-07 1.68543999734538e-06 1.75851994299592e-07 3.3691900824806e-08 1.75775998201289e-08 1.48719996317936e-08 1.11471001318364e-08 1.02430002257847e-08 5.70411984313068e-09 2.69333000346705e-08 4.41344987223147e-08 1.36151001584039e-08 5.97718008421566e-09 1.01754005221721e-09 8.20703005555146e-10 6.73578026688659e-10
-3.4e+38 -3.4e+38 0 0.764308989048004 0.764414012432098 0.771090984344482 0.75434798002243 0.734582006931305 0.683966994285583 0.60554701089859 0.548147976398468 0.376394003629684 0.27988201379776 0.477889001369476 0.614315986633301 0 0 0 0 0 0 0 0 0 0 0 0 0 0 0.199155002832413 0.00517346989363432 0.155662998557091 0.160432994365692 0.0362339988350868 0.00709953019395471 0.00475144013762474 1.27370003610849e-05 5.12058022650308e-07 3.2385300983151e-06 1.64295997251429e-07 1.0102999681294e-07 4.30510986859645e-08 2.03358993644542e-07 1.23500001336652e-06 1.37819995416066e-06 5.51568994922036e-08 4.39518004213824e-07 2.61399009104935e-07 2.01446006542483e-08 2.0570000813791e-08 1.80908994451556e-08 6.6376801832746e-09 2.48210998421428e-08 1.31348997456371e-07 5.86777986200104e-08 2.26108998191421e-08 8.37524005703472e-09 5.34774002858285e-09 3.73192010627577e-09 1.72772995910009e-09 6.55569987184634e-10
-3.4e+38 -3.4e+38 0 0.774106979370117 0.77762097120285 0.776970028877258 0.751857995986938 0.733810007572174 0.628463983535767 0.564463019371033 0.48811599612236 0.474835991859436 0.572924017906189 0.645651996135712 0 0 0 0 0 0 0 0 0 0 0 0 0 0 0 0 0.0333776995539665 0.062847301363945 0.033313799649477 0.00435172021389008 0.0059668798930943 0.0014878100482747 0.00158487004227936 8.70174990268424e-05 4.83877010992728e-06 9.17334972427852e-08 6.7567100359156e-08 1.65852000577615e-07 4.77535024856479e-07 2.17950002934231e-07 3.48335014166423e-08 1.89758999624701e-08 3.47374999876138e-08 1.19534000475596e-08 1.77721997118852e-08 2.42363000779733e-08 1.24305001847347e-08 1.06240003461266e-08 2.29278995789173e-08 7.02757985138192e-09 3.47902009423251e-08 1.49301992991013e-08 1.39907001539541e-08 8.62485016739356e-09 2.75331002441703e-09 1.62371005529849e-09 7.01335989283791e-10
-3.4e+38 -3.4e+38 0 0 0 0 0.759212970733643 0.737812995910645 0.689761996269226 0.64367002248764 0.616635978221893 0.6198970079422 0.625649988651276 0.674946010112762 0 0 0 0 0 0 0 0 0 0 0 0 0 0 0 0 0.24838699400425 0.124167002737522 0.0385412983596325 9.92929999483749e-05 3.23556996590924e-05 1.41228001666605e-05 0.00011211999662919 8.98213984328322e-05 1.22771996302617e-06 1.42546994652548e-07 2.49733005830421e-07 2.3593299829372e-06 1.56012004026707e-06 1.40330996600824e-07 2.42540991735041e-08 2.41342004159151e-08 3.0657300698067e-08 2.14006004028988e-08 2.97865003773268e-08 2.65848001390623e-08 9.5280201506398e-09 6.8898899918679e-09 5.7024300836872e-09 1.0475499578888e-08 7.80076021555942e-08 1.98668992368312e-08 1.30493997829717e-08 6.85239998077236e-09 2.00816008266713e-09 6.11518002902045e-10 5.22469012498306e-10
-3.4e+38 -3.4e+38 -3.4e+38 0 0 0 0 0.743000984191895 0.727487981319427 0.701324999332428 0.681398987770081 0.674225986003876 0.681084990501404 0 0 0 0 0 0 0 0 0 0 0 0 0 0 0 0 0 0 0.126127004623413 0.0570743009448051 0.000911284005269408 3.35643017024267e-05 2.02128990167694e-06 7.80602022132371e-07 4.15586982853711e-05 1.74951001099544e-05 4.8794099711813e-06 1.23476002045209e-05 3.68346991308499e-06 4.61131003248738e-06 2.24602999310264e-07 1.07729000831114e-07 2.71821001263106e-08 4.85533995231435e-08 3.36207008899692e-08 2.78577996226659e-08 2.30587993144127e-08 1.55489008335508e-08 1.03410000562576e-08 5.3377697817325e-09 4.19734007550687e-08 8.37305975665004e-08 2.02786001324284e-08 3.04457010713577e-08 4.05489997135078e-09 1.04751995966268e-09 8.42338976347889e-10 3.99262012340529e-10
-3.4e+38 -3.4e+38 -3.4e+38 -3.4e+38 0 0 0 0 0 0 0 0 0 0 0 0 0 0 0 0 0 0 0 0 0 0 0 0 0 0 0 0.00753712980076671 0.00175448996014893 0.00100982002913952 1.38866998895537e-05 1.67678001616878e-06 6.0083499420216e-07 2.53812004302745e-06 7.08678999217227e-06 2.33926002692897e-05 5.51488983546733e-06 7.80960988322477e-07 4.79160974009574e-07 1.03220997971221e-06 6.65986988224176e-07 4.44617995754015e-08 3.75917004191706e-08 3.40613013349866e-08 3.43862005536266e-08 1.69534004612615e-08 6.62855015320929e-09 9.05420982633132e-09 9.15640008258833e-09 1.22315000794515e-07 1.33184002493181e-07 3.72013992944176e-08 2.73468998557291e-08 1.30674999709868e-08 1.18293996820285e-09 5.49112977310529e-10 4.58106996781282e-10
-3.4e+38 -3.4e+38 -3.4e+38 -3.4e+38 -3.4e+38 0 0 0 0 0 0 0 0 0 0 0 0 0 0 0 0 0 0 0 0 0 0 0 0 0 0 0.0428319983184338 0.000791247002780437 0.000237033993471414 1.76674002432264e-05 6.08080995334603e-07 4.62379006194169e-07 3.58036004399764e-07 1.20057995900424e-06 1.92650009012141e-06 9.8232503660256e-06 8.18416992842685e-06 4.51646019428154e-06 4.14930991610163e-06 1.4789900433243e-06 5.67543985141583e-08 1.52525991836683e-08 4.54068000976804e-08 3.83808007597963e-08 1.92417992650462e-08 2.19851994387454e-08 4.80445017103648e-08 1.27551999185016e-07 2.44940991933618e-07 1.10294998023619e-07 4.51282993196855e-08 2.96458004811484e-08 1.15125002864147e-08 5.4200901544732e-09 9.96228988192627e-10 5.14469022938613e-10
-3.4e+38 -3.4e+38 -3.4e+38 -3.4e+38 -3.4e+38 -3.4e+38 0 0 0 0 0 0 0 0 0 0 0 0 0 0 0 0 0 0 0 0 0 0 0 0 0.267109006643295 0.00608447985723615 0.00021251299767755 1.2266999874555e-05 1.97610006580362e-06 4.78979984563921e-07 5.05092998537293e-07 3.77175012999942e-07 3.36412995238788e-07 1.49032996432652e-06 5.94527000430389e-06 2.98371992357715e-06 1.62934993568342e-05 7.39017013984267e-06 3.0446499295067e-06 2.08557003134047e-06 1.01475997382749e-07 2.99964000305408e-08 3.92454992947933e-08 1.48375001174372e-08 7.69161001556995e-09 1.96369001059793e-08 3.76178007854833e-07 3.43540989433677e-07 2.02994002052037e-07 6.51769980208883e-08 4.97274008637305e-08 2.6011999665343e-08 1.11927001000822e-08 1.31736999087195e-09 6.41857011984825e-10
-3.4e+38 -3.4e+38 -3.4e+38 -3.4e+38 -3.4e+38 -3.4e+38 0 0 0 0 0 0 0 0 0 0 0 0 0 0 0 0 0 0 0 0 0 0 0 0 0 0.125609993934631 0.0113719003275037 2.9800499760313e-05 1.04458003988839e-05 1.92657989828149e-06 5.44202009677974e-07 5.10101983763889e-07 4.20009996560111e-07 2.88395995085011e-07 3.95964980270946e-06 4.12259987569996e-06 7.44505996408407e-06 8.78854007169139e-06 3.44576005772979e-06 3.71189997849797e-07 9.47756007008138e-08 2.80210006309289e-08 3.21699005212395e-08 9.17172027214974e-09 5.43264988550618e-08 5.58567014863343e-09 8.27489010646332e-09 1.53314999806753e-07 1.94693001276391e-07 9.23782010886498e-08 4.93768013143381e-08 2.81876992858088e-08 1.57131001543576e-08 5.19326004422282e-09 9.03102981286708e-10
-3.4e+38 -3.4e+38 -3.4e+38 -3.4e+38 -3.4e+38 -3.4e+38 -3.4e+38 0 0 0 0 0 0 0 0 0 0 0 0 0 0 0 0 0 0 0 0 0 0 0 0 0.190129995346069 0.00107213004957885 0.000248374009970576 0.000112330002593808 4.23602978116833e-06 6.43669977762329e-07 6.58691021726554e-07 5.13335010055016e-07 3.79103994418983e-07 2.870139951483e-06 4.61715990240918e-06 5.76757020098739e-06 7.27832002667128e-06 7.21878996046144e-06 1.90348998785339e-07 5.24623011699532e-08 5.44564997539965e-08 2.26552003823599e-08 3.93929013853267e-08 4.10559010788347e-07 9.83078010108329e-08 4.01416997419801e-07 2.81127000789638e-07 2.66153989514351e-07 1.23540999652505e-07 5.79642005504866e-08 4.37981988454794e-08 1.94114999629846e-08 2.66382005342791e-09 7.00889013494077e-10
-3.4e+38 -3.4e+38 -3.4e+38 -3.4e+38 -3.4e+38 -3.4e+38 -3.4e+38 0 0 0 0 0 0 0 0 0 0 0 0 0 0 0 0 0 0 0 0 0 0 0 0 0 0.0449355989694595 0.00301375007256866 0.00010907700198004 1.56522000906989e-05 1.8955099676532e-06 7.80048992510274e-07 4.81222002690629e-07 3.41612008014636e-07 8.66325990500627e-07 3.08278004013118e-06 1.40546001148323e-06 1.51485005517316e-06 7.82431015977636e-07 1.27440003439006e-07 6.0546000213435e-08 5.98360969661371e-08 2.77753002819736e-08 1.275719938576e-07 1.72027000644448e-06 2.71526005235501e-07 7.62463002956792e-07 4.30347995461489e-07 3.57814002427403e-07 2.01833998403345e-07 8.48317966983814e-08 4.86040008240707e-08 2.31077006418445e-08 8.24466983573302e-09 1.67221003710694e-09
-3.4e+38 -3.4e+38 -3.4e+38 -3.4e+38 -3.4e+38 -3.4e+38 -3.4e+38 -3.4e+38 0 0 0 0 0 0 0 0 0 0 0 0 0 0 0 0 0 0 0 0 0 0 0 0 0.200863003730774 0.00590468011796474 0.00398389995098114 4.88406985823531e-05 6.75395995131112e-06 7.29242992747459e-06 1.32527998175647e-06 6.56786028230272e-07 5.2327197863633e-07 9.36614014790393e-07 2.98230986572889e-07 2.40860998701464e-07 8.78453008112956e-08 8.4632297614462e-08 5.35017008473915e-08 6.43385007492725e-08 4.50305002175355e-08 3.6995398744466e-08 2.04586996233047e-07 9.03073971159074e-09 3.03699998482898e-08 6.31722016919412e-08 4.79636980799114e-07 2.59464002283494e-07 1.20020004601429e-07 5.49355014811681e-08 3.36811005752224e-08 1.87528996775654e-08 6.75425981810918e-09
-3.4e+38 -3.4e+38 -3.4e+38 -3.4e+38 -3.4e+38 0 0 0 0 0 0 0 0 0 0 0 0 0 0 0 0 0 0 0 0 0 0 0 0 0 0 0 0 0.126230999827385 0.0188871007412672 0.000120101998618338 0.000126227998407558 3.19216997013427e-05 6.64431991026504e-06 6.17688010606798e-06 4.25547000304505e-07 3.22083991477484e-07 3.34382008304601e-07 1.716120010542e-07 2.20133003381306e-07 1.51370997514277e-07 4.24615009819718e-08 6.42720010546327e-08 5.14017983732629e-08 4.740480008536e-08 6.0168098059421e-08 1.50517998065425e-08 7.03425984127648e-09 3.33153984399814e-08 5.92582011904597e-07 3.55263011897478e-07 1.76843997223841e-07 9.84378019097676e-08 4.30429984987768e-08 2.29047003585947e-08 1.03711998988842e-08
-3.4e+38 -3.4e+38 -3.4e+38 -3.4e+38 -3.4e+38 0 0 0 0 0 0 0 0 0 0 0 0 0 0 0 0 0 0 0 0 0 0 0 0 0 0 0 0 0 0.231987997889519 0.00546211004257202 0.00230371998623013 0.000103108999610413 0.000101489000371657 2.78566994893481e-06 2.46709009843471e-06 3.91120011045132e-07 3.20191986702412e-07 1.7674200591955e-07 1.76832998022292e-07 7.97261989760045e-08 5.8278299519543e-08 5.10173983059303e-08 4.10115994498028e-08 1.81822006339871e-08 1.25912000825679e-08 1.49731995691127e-08 7.21704012107693e-08 5.58297017505538e-07 8.28572979116871e-07 4.39146987218919e-07 2.06151000270438e-07 1.23763996384696e-07 6.35884020994126e-08 2.75485003697895e-08 1.41685996268848e-08
-3.4e+38 -3.4e+38 -3.4e+38 -3.4e+38 -3.4e+38 0 0 0 0 0 0 0 0 0 0 0 0 0 0 0 0 0 0 0 0 0 0 0 0 0 0 0 0 0 0 0 0.0357198007404804 0.00423274002969265 0.000169420003658161 7.66063967603259e-05 4.27039012720343e-05 1.50936002683011e-05 2.20195011024771e-06 1.6347499922631e-06 1.42795002489038e-07 1.37563006319397e-07 7.99967025955084e-08 4.06698994481758e-08 2.84760002244866e-08 1.85023996124301e-08 1.11549995907012e-08 9.96483962012462e-09 7.68137020656923e-09 4.43975984865119e-08 4.79962977806281e-07 2.53563001706425e-07 1.99743993789525e-07 1.36457998678452e-07 1.07613999489331e-07 4.30435989073885e-08 2.7398399993217e-08
-3.4e+38 -3.4e+38 -3.4e+38 -3.4e+38 0 0 0.732814013957977 0 0 0 0 0 0 0 0 0 0 0 0 0 0 0 0 0 0 0 0 0 0 0 0 0 0 0 0 0 0 0.108451001346111 0.0165998991578817 0.00490135001018643 0.000551198027096689 0.000454152992460877 9.75431030383334e-05 1.04829996416811e-05 1.49309997254932e-07 1.31589004581656e-07 9.35185013872797e-08 1.1387599840873e-07 3.28086002809869e-08 2.21956995005712e-08 1.61686006805439e-08 1.41407996423482e-08 8.50743031577395e-09 2.55538008531175e-08 1.08583996905054e-07 1.17466001370303e-07 9.86599033581115e-08 9.81032997060538e-08 1.35991001570801e-07 7.93372976204409e-08 3.7092700466701e-08
-3.4e+38 -3.4e+38 -3.4e+38 -3.4e+38 -3.4e+38 0 0 0 0 0.743440985679626 0 0 0 0 0 0 0 0 0 0 0 0 0 0 0 0 0 0 0 0 0 0 0 0 0 0 0 0 0.0230013001710176 0.0429796986281872 0.0121251000091434 0.00682872021570802 0.000933878996875137 1.14159001896041e-05 1.57919004095675e-07 1.14959000541148e-07 3.31810014131406e-07 1.92431002687954e-06 2.31811991824316e-08 2.56611993876277e-08 1.20023999627961e-08 1.25608003997968e-08 1.04920996335522e-08 1.46010998847146e-08 2.80942007435669e-08 2.98609990068144e-08 4.02751005879054e-08 3.04052001354194e-08 6.45516990971373e-08 4.5146201443913e-08 6.09383974392586e-08
-3.4e+38 -3.4e+38 -3.4e+38 -3.4e+38 -3.4e+38 -3.4e+38 0 0 0 0.750644028186798 0 0 0 0 0 0 0 0 0 0 0 0 0 0 0 0 0 0 0 0 0 0 0 0 0 0 0.0878904983401299 0.0303262993693352 0.14181299507618 0 0.103789001703262 0.0380298011004925 0.000880823004990816 2.29432007472496e-05 1.30963002220597e-07 9.38766007152481e-08 7.13050027911777e-08 2.8149099307484e-05 6.33799999150142e-08 2.23949996325246e-08 3.33460015156106e-08 9.13976005989525e-09 3.0181698917886e-08 6.99705026363517e-07 4.50299012300093e-07 3.00931013441641e-08 7.69775976294795e-09 6.16502981998224e-09 1.85617992087828e-08 3.32967999838729e-08 3.30719984731331e-08
-3.4e+38 -3.4e+38 -3.4e+38 -3.4e+38 -3.4e+38 -3.4e+38 -3.4e+38 0 0 0 0 0 0 0 0 0 0 0 0 0 0 0 0 0 0 0 0 0 0 0 0 0 0 0 0 0 0 0 0 0 0 0.0176692996174097 0.000796523003373295 1.96482997125713e-05 9.45729965451392e-08 8.55157011869778e-08 4.98006009763685e-08 7.72839030105388e-06 1.92344003835387e-07 2.00461993671297e-08 5.17060989579932e-08 5.56125996808987e-07 1.53049995788024e-06 5.50472009308578e-07 2.23779989028117e-06 7.29610974303796e-07 1.72077001536763e-08 2.65150994493979e-08 1.51762993283455e-08 5.95452007701169e-08 3.37821006723971e-08
-3.4e+38 -3.4e+38 -3.4e+38 -3.4e+38 -3.4e+38 -3.4e+38 -3.4e+38 -3.4e+38 0 0 0 0 0 0 0 0 0 0 0 0 0 0 0 0 0 0 0 0 0 0 0 0 0 0 0 0 0 0 0 0.0437230989336967 0.159547001123428 0.0177963990718126 0.000338965008268133 0.000149351006257348 1.05975004771608e-06 7.74606974118797e-08 4.83235993442577e-08 2.01475995709188e-06 2.36013011090108e-06 5.37669002653729e-08 1.38693998508188e-08 9.15428017833619e-08 3.24974990917326e-07 5.75403014124731e-08 3.04893006841667e-07 2.23874008042912e-06 1.19199000891967e-07 1.55272999791123e-07 1.67263998207545e-08 4.81288999765184e-08 1.74879005498951e-07
-3.4e+38 -3.4e+38 -3.4e+38 -3.4e+38 -3.4e+38 -3.4e+38 -3.4e+38 -3.4e+38 -3.4e+38 0 0 0 0 0 0 0 0 0 0 0 0 0 0 0 0 0 0 0 0 0 0 0 0 0 0 0 0 0.140983998775482 0 0.207903996109962 0.120709002017975 0.0272438004612923 0.00502855004742742 0.000421298987930641 2.73022010333079e-06 8.20679986190953e-08 1.39036001201021e-06 1.13405003503431e-05 4.88060004499857e-06 4.74445016607206e-08 1.35261997158409e-08 8.80389023905082e-08 2.76956004796602e-08 5.95368021549803e-07 1.16416003947961e-06 1.4858700296827e-06 2.95347007295277e-07 4.28683989639467e-07 6.97738968824524e-08 1.82308994567393e-08 8.74383019322522e-08
-3.4e+38 -3.4e+38 -3.4e+38 -3.4e+38 -3.4e+38 -3.4e+38 -3.4e+38 -3.4e+38 -3.4e+38 -3.4e+38 0 0 0 0 0 0 0 0 0 0 0 0 0 0 0 0 0 0 0 0 0 0 0 0 0 0 0 0.159900993108749 0.0470907017588615 0 0 0.120177999138832 0.0100985001772642 0.000594598008319736 8.6761501734145e-06 1.7724200063185e-07 2.60653990835635e-07 1.13137002699659e-05 1.80789004389226e-06 7.10863972130937e-08 1.42383003165492e-08 1.64825006976344e-08 1.96905993732344e-08 2.2872299609844e-07 1.79308997871885e-07 1.08033998458268e-06 2.41941006606794e-06 1.88024000635778e-06 6.98582027780503e-07 1.35985004590111e-07 3.07201986515793e-07
-3.4e+38 -3.4e+38 -3.4e+38 -3.4e+38 -3.4e+38 -3.4e+38 -3.4e+38 -3.4e+38 -3.4e+38 -3.4e+38 -3.4e+38 0 0 0 0 0 0 0 0 0 0 0 0 0 0 0 0 0 0 0 0 0 0 0 0 0.272127985954285 0.134815007448196 0.274414986371994 0.0361950993537903 0.297558009624481 0.226025998592377 0.0237742997705936 0.00103915994986892 0.00044756499119103 0.000201192000531591 6.9782996433787e-05 9.28228018892696e-08 3.22558008747365e-07 1.63643999258056e-05 1.59234002694575e-06 1.43368996674553e-08 8.91427998084282e-09 9.10062958325852e-09 9.45461042789475e-09 2.68874998710089e-07 2.00807994588104e-06 9.28508995912125e-07 6.01530018684571e-07 1.7265599581151e-06 9.72313955571735e-07 1.21344999115536e-06
-3.4e+38 -3.4e+38 -3.4e+38 -3.4e+38 -3.4e+38 -3.4e+38 -3.4e+38 -3.4e+38 -3.4e+38 -3.4e+38 -3.4e+38 -3.4e+38 0 0 0 0 0 0 0 0 0 0 0 0 0 0 0 0 0 0 0 0 0 0 0 0.183456003665924 0.283879011869431 0.0298670995980501 0.0762242004275322 0.0549952983856201 0.0901158973574638 0.113637000322342 0.0142828999087214 0.00473691010847688 0.000613174983300269 2.63572001131251e-05 6.51421032671351e-08 7.47807007428491e-08 1.94420008483576e-05 1.16427003149511e-07 1.62947006998593e-08 6.00828986563329e-09 6.61884991259853e-09 7.67940999679695e-09 3.2720599563163e-08 8.01930013949459e-07 3.95688992682608e-08 5.72394014852762e-07 3.82410007659928e-07 9.4834398112198e-08 3.02184986367138e-07
